ABY1 Acidimicrobiia Acidobacteriia Actinobacteria Alphaproteobacteria Anaerolineae Armatimonadia Babeliae Bacilli Bacteroidia BD2-11 terrestrial group Berkelbacteria Blastocatellia (Subgroup 4) Caldisericia Chlamydiae Chloroflexia Chthonomonadetes Clostridia Coriobacteriia Deinococci Deltaproteobacteria Fibrobacteria Fimbriimonadia Gammaproteobacteria Gemmatimonadetes Gracilibacteria Holophagae Hydrogenedentia hydrothermal vent metagenome Ignavibacteria KD4-96 Kiritimatiellae Ktedonobacteria Lineage IIa Longimicrobia Melainabacteria metagenome Microgenomatia Nitriliruptoria OLB14 OM190 Omnitrophia Oxyphotobacteria Parcubacteria Phycisphaerae Planctomycetacia Rhodothermia S0134 terrestrial group Saccharimonadia Sericytochromatia soil bacterium WWH121 Subgroup 17 Subgroup 22 Subgroup 6 Thermoleophilia Thermotogae TK10 uncultured uncultured Acidobacteria bacterium uncultured actinobacterium uncultured bacterium uncultured Carnobacterium sp. uncultured endolithic bacterium uncultured Flaviramulus sp. uncultured forest soil bacterium uncultured gamma proteobacterium uncultured soil bacterium uncultured Telmatobacter sp. vadinHA49 Verrucomicrobiae
0 0 14 555 767 992 220 756 0 0 2366 0 18 0 0 12 0 133 21 0 7 375 0 0 185 36 0 0 0 0 0 0 0 437 0 0 16 10 9 0 0 0 0 68 2 1 31 0 0 52 0 0 0 0 0 0 0 0 0 0 0 429 0 0 0 594 0 0 0 2 10
1 0 15 466 814 1361 465 522 0 0 1977 0 9 0 0 52 0 54 17 0 0 252 0 0 151 18 0 0 0 0 0 0 0 795 0 0 16 14 16 0 0 0 0 103 2 0 47 0 0 31 0 0 0 0 0 0 0 0 0 0 0 236 0 0 0 696 0 0 0 0 8
10 0 36 22 6 206 67 0 0 0 1486 0 0 132 0 5 12 0 0 0 0 253 5 0 491 65 7 0 0 0 63 6 0 0 0 0 0 7 0 0 0 8 0 2663 18 27 76 19 0 5 0 0 0 0 3 11 0 0 0 0 0 7 0 0 0 0 1 0 0 90 222
11 0 25 75 56 217 43 4 0 0 1363 0 0 276 0 0 13 19 0 0 0 226 12 24 638 136 6 0 0 0 5 2 0 0 0 0 4 6 0 0 0 1 0 1260 11 83 136 26 0 6 3 1 0 0 0 8 0 0 0 0 0 12 1 2 0 0 0 0 0 98 311
12 0 20 19 10 182 65 0 0 0 1182 0 1 123 0 0 18 2 0 0 0 112 0 4 442 99 10 0 0 0 0 6 0 0 0 0 0 0 0 0 0 2 0 1564 1 27 119 18 0 0 1 0 0 0 0 5 0 0 0 0 0 7 2 3 0 0 0 0 0 75 170
14 0 1 0 732 172 0 54 0 0 129 0 12 0 0 0 178 0 0 0 12 82 0 0 6 0 0 0 0 0 0 0 0 0 0 0 0 0 0 0 0 0 0 3911 0 0 81 0 0 1 0 0 0 0 0 29 0 0 0 0 0 25 0 0 0 0 0 0 0 0 0
158 0 73 41 455 360 96 0 0 0 704 0 0 89 0 24 176 9 0 0 34 118 39 0 157 212 6 0 0 0 6 12 0 0 0 0 0 3 0 0 0 0 0 1447 10 3 111 14 0 6 2 0 0 2 0 23 0 0 0 0 0 15 0 0 0 0 0 0 0 58 81
159 0 118 69 338 178 124 3 0 0 830 0 0 88 0 18 128 11 0 0 34 231 72 16 305 164 8 2 0 0 25 30 0 0 1 0 1 1 1 0 0 0 0 1427 33 13 86 10 0 21 9 0 0 8 0 99 0 0 0 0 0 22 0 0 0 0 0 0 0 87 75
16 0 0 0 1282 150 0 12 0 0 206 0 0 0 0 0 57 0 2 0 62 101 0 0 49 0 0 0 0 0 0 0 0 15 0 0 0 0 0 0 0 0 0 4119 0 0 405 0 0 1 0 0 0 0 0 18 0 0 0 0 0 6 0 4 0 0 0 0 0 0 0
160 0 55 24 89 211 141 0 0 0 907 0 0 81 0 4 107 6 0 0 26 212 40 1 440 385 3 0 0 0 10 14 0 0 0 0 1 3 0 0 0 0 0 611 4 11 28 23 0 4 3 0 0 0 0 13 0 0 0 0 0 14 0 2 0 0 0 0 0 64 107
161 4 58 25 132 226 97 0 0 0 679 0 0 138 0 4 126 4 0 0 17 192 35 3 391 304 7 0 0 0 14 33 0 0 3 0 3 9 0 0 0 0 0 917 12 11 60 12 0 12 3 0 0 0 0 35 0 1 0 0 0 29 1 0 0 0 0 0 0 35 115
162 0 30 25 88 175 50 0 0 0 667 0 0 41 0 1 29 5 0 0 24 321 19 2 537 224 7 0 0 0 11 7 0 1 0 0 4 6 0 0 1 0 1 407 5 9 43 5 0 10 4 0 0 0 1 13 0 1 0 0 0 10 0 1 0 0 0 0 0 64 91
163 0 118 58 277 253 104 0 0 0 657 0 1 121 0 5 110 17 0 0 16 390 31 7 514 327 7 0 2 0 19 48 0 0 0 0 6 2 0 0 8 0 0 442 18 26 88 8 0 10 6 0 0 3 6 41 0 1 0 0 0 20 0 0 0 0 0 0 0 84 241
166 3 57 36 303 238 74 0 0 0 766 0 0 125 0 2 93 3 0 0 2 108 12 0 292 295 5 0 0 0 45 25 0 1 0 0 1 0 0 0 0 0 0 1225 5 9 28 6 0 8 1 0 0 0 0 24 0 0 0 0 0 7 0 1 0 0 0 0 0 20 198
168 0 50 62 139 137 106 2 0 0 859 0 5 81 0 2 142 8 0 0 36 255 47 10 530 522 8 6 0 0 9 48 0 18 0 0 0 5 3 0 0 0 0 522 0 11 79 4 0 30 5 0 0 0 0 49 0 0 0 0 0 34 0 0 0 0 0 0 0 75 183
17 0 5 21 16 106 69 0 0 0 672 0 0 67 0 1 35 5 0 0 0 80 0 0 337 89 5 0 0 0 0 1 0 0 0 0 3 2 0 0 0 0 0 2017 2 28 108 26 0 0 1 0 0 0 0 3 0 0 0 0 0 5 0 0 0 0 0 0 1 39 73
172 0 74 58 330 222 174 0 0 0 723 0 0 92 0 0 96 4 0 0 15 197 24 15 388 323 2 0 0 0 53 23 0 0 0 0 0 1 0 0 2 0 0 400 5 7 34 4 0 7 1 0 0 2 0 30 0 1 0 0 0 14 0 0 0 0 0 2 0 44 190
177 0 1 63 212 1985 791 522 0 0 1722 0 1 0 0 0 0 29 0 0 2 138 0 0 42 16 0 0 0 0 0 0 0 1632 0 0 0 5 0 0 0 0 0 1471 4 0 58 0 0 0 3 0 0 0 0 0 0 0 0 0 0 592 0 0 0 333 0 0 0 0 90
178 0 31 282 1527 1036 36 109 0 0 701 0 0 0 0 0 12 39 3 0 0 391 32 18 559 40 0 0 0 0 0 0 0 199 1 0 22 2 0 0 0 0 0 711 2 24 53 0 0 17 6 0 0 0 0 0 0 0 0 0 0 4 0 0 0 66 0 0 0 7 25
179 0 1 45 1597 730 11 64 0 0 1060 0 0 0 0 0 0 3 0 0 0 243 11 1 597 32 0 0 0 0 0 0 0 22 0 0 3 0 0 0 0 0 0 1306 0 5 5 0 0 12 8 0 0 0 0 0 0 0 0 0 0 0 0 0 0 19 0 0 0 3 18
18 0 14 14 48 102 68 0 0 0 543 0 0 293 0 0 72 0 0 0 0 125 0 5 284 163 0 0 0 0 7 138 0 0 0 0 0 0 0 0 0 0 0 172 48 0 545 0 0 0 0 0 0 0 0 342 0 0 0 0 0 10 0 0 0 0 0 0 0 0 670
2 0 4 631 801 1371 166 919 0 0 2159 0 33 0 0 15 0 102 31 0 0 419 0 0 128 14 0 0 0 0 0 0 0 481 0 0 3 22 5 0 0 0 0 11 1 3 19 0 0 63 1 0 0 0 0 0 0 0 0 0 0 240 0 0 0 701 0 0 0 0 17
22 0 54 92 334 169 51 3 5 0 707 0 0 116 0 27 288 2 0 0 9 197 63 5 540 259 1 0 0 0 54 59 0 0 0 0 0 0 2 0 0 0 0 1246 13 15 172 1 0 60 3 0 0 8 0 79 0 0 0 1 0 5 0 0 0 0 0 0 0 76 33
23 0 27 4 355 62 0 2 0 0 1281 0 0 48 0 0 10 0 0 0 7 172 4 0 162 150 0 0 0 0 44 0 0 1 0 0 2 116 2 0 0 0 0 599 12 0 34 10 0 43 7 0 0 0 0 15 0 0 0 0 0 35 0 0 0 0 0 0 0 37 18
24 0 7 36 248 449 0 0 0 1 398 0 0 1813 0 0 1 0 0 0 0 117 0 0 402 43 0 0 0 0 54 0 0 0 0 0 0 2 0 0 0 0 0 423 0 0 15 0 0 1 0 0 0 0 0 3 0 0 0 0 0 98 0 0 0 0 0 0 0 0 1255
25 0 44 14 640 149 35 20 0 0 397 0 0 0 0 2 8 3 0 0 20 223 20 0 812 484 0 0 0 0 12 0 0 10 0 0 0 4 0 0 0 0 0 390 5 1 93 0 0 29 14 0 0 0 0 12 0 0 0 0 0 2 0 0 0 0 0 0 2 198 145
26 0 110 39 44 220 59 0 0 0 919 0 0 58 0 12 9 2 0 0 0 172 7 0 609 131 0 0 0 0 14 23 0 0 0 0 0 0 0 0 0 0 0 72 0 0 71 0 0 3 0 0 0 0 0 611 0 0 0 0 0 32 0 0 0 0 0 0 2 1 521
28 0 1 73 165 2299 278 897 0 0 1120 0 0 0 0 0 0 10 0 0 0 32 0 0 5 0 0 0 0 0 0 0 0 1717 0 0 0 2 0 0 0 0 0 2578 0 0 28 0 0 0 0 0 0 0 0 0 0 0 0 0 0 213 0 0 0 286 0 0 0 0 0
29 0 0 206 249 2773 230 1328 0 0 865 0 0 0 0 0 0 18 0 0 0 41 0 0 0 0 0 0 0 0 0 0 0 1293 0 0 0 0 0 0 0 0 0 2364 0 0 22 0 0 0 0 0 0 0 0 0 0 0 0 0 0 296 0 0 0 103 0 0 0 0 0
3 0 14 434 1649 874 72 560 0 0 1328 0 2 0 43 0 0 50 555 15 5 64 0 0 114 95 0 0 0 0 0 0 0 1 0 0 23 16 0 0 0 0 0 365 0 3 22 0 0 0 5 0 0 0 0 0 0 0 1 0 0 501 0 0 0 372 0 0 0 0 1
32 0 117 72 240 193 42 0 0 0 656 0 0 285 0 0 46 6 0 0 9 186 10 70 415 90 5 0 0 0 32 15 0 0 0 3 0 3 0 0 0 0 0 1202 29 2 221 5 0 32 3 0 0 0 4 51 0 0 0 0 13 30 0 0 0 0 0 0 0 69 205
33 0 16 7 753 339 0 0 0 1 736 0 0 90 0 0 7 0 2 0 0 74 0 0 225 83 1 0 0 0 9 0 4 0 0 26 0 0 0 0 0 0 0 1778 84 6 50 13 0 31 2 0 0 0 0 50 0 0 0 0 0 73 0 3 1 0 0 0 0 12 221
34 0 16 35 437 78 0 0 0 0 334 0 0 70 0 0 0 0 0 0 0 80 0 0 88 92 0 0 0 0 12 0 0 0 0 12 0 0 0 0 0 0 0 69 48 0 25 10 0 17 11 0 0 0 0 16 0 0 0 0 0 1 0 0 0 0 0 0 0 1 675
35 0 6 1 739 76 0 0 0 0 1031 0 0 0 0 0 0 0 0 0 0 2 0 0 6 321 0 0 0 0 0 0 0 0 0 0 0 0 0 0 0 0 0 45 0 0 4 2 0 31 22 0 0 0 0 23 0 0 0 0 0 0 0 264 0 0 0 0 0 0 0
36 66 8 32 188 185 82 0 49 809 353 0 0 16 0 0 11 0 32 0 124 72 0 0 241 40 0 21 0 0 44 0 0 78 0 0 0 54 0 0 0 0 0 336 0 0 0 64 0 0 0 0 0 0 0 17 2 0 0 0 0 0 0 291 0 0 0 0 0 0 45
37 0 0 860 2871 592 0 2 0 0 292 0 0 0 0 0 0 4 3 0 9 52 0 6 91 0 0 0 0 0 0 0 0 0 0 0 0 4 0 0 0 0 0 7 0 0 15 0 0 431 0 0 0 0 0 2 0 0 0 0 0 0 0 0 0 45 0 0 0 0 5
38 0 20 14 78 149 20 17 0 0 678 0 0 62 0 1 20 6 0 0 1 73 0 0 290 96 7 0 0 0 6 0 0 17 0 0 2 5 0 0 0 0 0 1961 6 34 78 11 0 7 2 0 0 0 0 27 0 0 0 0 0 6 0 0 0 3 0 0 1 50 66
4 0 9 342 1382 1557 57 719 0 0 1490 0 0 0 0 0 0 84 340 0 0 109 0 0 55 56 0 0 0 0 0 0 0 0 0 0 26 15 0 0 0 0 0 287 0 1 32 0 0 3 3 0 0 0 0 0 0 0 0 0 0 755 0 0 0 641 0 0 0 0 1
41 0 32 44 237 176 61 0 0 0 435 0 0 88 0 8 68 0 0 0 0 269 13 0 293 46 1 0 0 0 5 2 0 0 0 0 0 3 0 0 0 0 0 2080 4 23 111 16 0 4 2 0 0 0 0 31 0 0 0 0 0 3 0 0 0 0 0 0 0 6 44
43 0 64 7 33 411 47 0 0 1 2089 10 0 0 0 4 1 0 1 0 18 149 7 0 759 17 20 0 0 2 5 0 38 0 0 12 0 11 0 156 0 22 0 841 34 29 174 40 0 9 0 0 0 0 6 66 0 0 0 0 0 25 0 0 8 0 1 0 0 34 823
44 0 96 41 70 554 75 0 0 0 1830 27 4 0 0 0 0 0 3 0 31 138 4 0 794 21 44 0 0 0 36 0 95 0 0 33 0 9 0 203 0 12 0 1644 49 72 231 30 0 9 0 0 0 0 4 88 0 0 0 0 0 17 0 0 0 0 0 0 0 27 311
45 0 94 1 43 495 68 0 3 1 1982 35 0 0 0 0 2 0 9 0 27 315 36 0 923 5 13 0 0 6 11 0 88 0 0 21 0 13 0 237 0 6 0 817 53 47 267 22 0 5 2 0 0 0 12 128 0 0 0 0 0 11 0 0 7 0 0 0 0 41 621
46 0 170 0 59 512 0 0 0 0 1436 51 0 0 0 0 0 0 11 0 9 104 0 0 211 0 49 0 0 3 2 0 35 0 0 1 0 1 0 415 0 1 0 4049 121 4 94 16 0 7 0 0 0 0 0 84 0 0 0 0 0 0 0 0 3 0 0 0 0 76 363
466 0 7 76 1654 1124 10 77 0 0 1031 0 0 0 0 0 12 10 0 0 3 123 2 4 881 55 0 0 0 0 0 0 0 100 0 0 3 0 0 0 0 0 0 497 0 9 23 0 0 2 10 0 2 0 0 5 0 0 0 0 0 0 0 0 0 13 0 0 0 1 20
467 0 16 115 1048 453 136 34 0 0 516 0 1 0 0 0 41 16 0 0 0 607 492 37 811 149 0 0 0 0 0 0 0 264 0 0 8 0 0 0 0 0 0 2234 0 86 25 0 0 8 1 0 0 0 0 2 0 0 0 0 0 1 0 0 0 3 0 0 0 48 57
468 0 2 547 1184 1348 265 559 0 0 2544 0 1 0 0 2 0 63 13 0 5 159 0 0 84 14 0 0 0 0 0 0 0 464 0 0 3 3 0 0 0 0 0 78 0 2 11 0 0 12 0 0 0 0 0 0 0 0 0 0 0 780 0 0 0 1078 0 0 0 0 0
469 0 2 385 1540 1334 323 524 0 0 1818 0 1 0 0 49 0 32 11 0 13 169 0 0 200 31 0 0 0 0 0 0 0 128 0 0 0 8 0 0 0 0 0 77 0 0 24 0 0 9 3 0 0 0 0 0 0 0 0 0 0 249 0 0 0 722 0 0 0 0 0
472 0 4 36 1570 510 0 0 0 0 178 0 0 1209 0 0 0 0 0 0 0 22 0 0 161 0 0 0 0 0 0 0 0 0 0 0 0 0 0 0 0 0 0 1 0 0 12 177 0 0 0 0 0 0 0 72 0 0 0 0 0 0 1 0 0 0 0 0 0 0 0
473 0 10 0 1190 239 0 19 0 0 471 0 29 0 0 0 274 0 0 0 99 162 0 0 29 0 0 0 0 0 0 0 0 0 0 0 0 0 25 0 0 0 0 1665 0 0 141 0 0 4 0 0 0 0 0 24 0 0 0 0 0 14 0 2 0 0 0 0 0 0 0
474 0 7 0 867 162 0 28 0 0 526 0 25 0 0 0 143 0 0 0 10 88 0 0 11 0 0 0 0 0 0 0 0 0 0 0 0 0 12 0 0 0 0 3088 0 0 50 0 0 0 0 0 0 0 0 41 0 0 0 0 0 16 1 0 0 0 0 0 0 0 0
5 0 5 299 1352 1246 108 660 0 0 1411 0 0 0 0 0 0 128 299 0 1 177 0 0 161 26 0 0 0 0 0 0 0 2 0 0 21 14 0 0 0 0 0 1303 2 0 23 0 0 1 1 0 0 0 0 0 0 0 0 0 0 914 0 0 0 508 0 0 0 0 0
6 0 86 85 308 75 86 11 0 0 1450 0 0 0 0 1 195 19 0 0 0 333 3 0 269 259 0 0 0 0 0 26 0 18 0 0 0 0 2 0 3 0 0 3794 1 0 159 0 0 24 2 0 0 0 0 18 0 0 0 0 0 3 0 0 0 0 0 0 1 6 34
60 0 96 3 37 403 70 0 1 0 1573 55 0 1 0 0 24 0 0 0 10 121 0 0 319 3 2 0 0 3 0 3 15 0 0 17 0 2 0 236 0 56 0 668 18 11 475 21 13 10 0 0 0 0 6 79 0 0 0 0 0 2 0 0 1 0 0 0 0 43 707
62 0 13 24 3 196 38 0 0 0 1223 0 0 111 0 4 7 0 0 0 0 104 2 20 418 59 4 0 0 0 1 1 0 0 0 0 0 1 0 0 0 0 0 1782 20 34 104 12 0 3 0 0 0 0 0 2 0 0 0 0 0 1 0 2 0 0 1 0 0 112 226
64 0 0 174 1696 253 0 5 0 0 423 0 0 0 0 0 6 0 0 0 71 34 0 0 152 0 0 0 0 0 0 0 0 0 0 0 0 0 0 0 0 0 0 3475 0 0 3 0 0 219 0 0 0 0 0 0 0 0 0 0 0 0 0 0 0 0 0 0 0 0 0
66 0 0 98 311 1850 164 850 0 1 919 0 0 0 0 0 0 8 9 0 45 130 0 13 65 0 0 0 0 0 0 0 0 1898 0 0 0 4 0 0 0 0 0 2217 0 0 13 6 0 39 0 0 0 0 0 0 0 0 0 0 0 178 0 0 0 100 0 0 0 13 37
8 0 8 0 418 291 0 0 0 0 456 0 0 137 0 0 26 0 0 0 0 0 0 0 0 0 0 0 0 0 0 0 0 0 0 0 0 0 0 0 0 0 0 25 0 0 0 0 0 0 0 0 0 0 0 45 0 0 0 0 0 0 0 224 0 0 0 0 0 0 0
