Acidobacteria Actinobacteria Armatimonadetes Bacteroidetes BRC1 Caldiserica Chlamydiae Chloroflexi Cyanobacteria Deinococcus-Thermus Dependentiae Elusimicrobia FBP Fibrobacteres Firmicutes Gemmatimonadetes Hydrogenedentes Kiritimatiellaeota Omnitrophicaeota Patescibacteria Planctomycetes Proteobacteria Thermotogae Verrucomicrobia WPS-2
0 555 781 889 2366 0 0 12 657 84 7 0 0 2 0 21 36 0 0 0 81 34 1552 0 10 1031
1 466 829 576 1977 0 0 52 1260 119 0 0 0 0 0 17 18 0 0 0 58 47 1764 0 8 946
10 157 53 0 1568 6 0 5 85 2663 0 0 0 7 5 0 65 0 0 0 30 201 950 0 222 2
11 351 89 47 1394 1 0 0 58 1267 0 0 0 17 12 0 136 0 0 0 23 318 1081 0 311 4
12 142 35 6 1200 0 0 0 89 1565 0 0 0 12 0 0 99 0 0 0 12 223 736 0 170 0
14 0 762 54 129 0 0 0 178 3911 12 0 0 25 0 0 0 0 0 0 13 81 260 0 0 0
158 132 551 9 724 0 0 24 284 1449 34 0 0 17 39 0 212 0 0 0 22 172 635 0 81 1
159 167 555 30 865 3 0 18 282 1437 34 0 1 19 72 0 164 0 0 0 63 186 714 0 75 1
16 0 1300 12 206 0 0 0 72 4119 62 0 0 10 0 2 0 0 0 0 1 405 300 0 0 0
160 105 157 7 940 0 0 4 262 615 26 0 0 16 40 0 385 0 0 0 11 103 863 0 107 3
161 163 225 7 705 1 0 4 257 923 17 0 3 30 35 0 304 0 0 0 35 106 809 0 115 8
162 67 131 7 683 0 0 1 89 415 24 0 0 14 19 0 224 0 0 1 22 116 1033 0 91 3
163 188 436 24 684 0 0 5 271 454 16 0 0 18 31 0 327 2 0 0 36 198 1157 0 241 4
166 161 384 3 817 0 0 2 193 1227 2 0 0 8 12 0 295 0 0 0 21 57 638 0 198 0
168 149 238 20 872 0 0 2 314 527 36 0 0 34 47 0 522 0 0 0 46 165 922 0 183 5
17 88 24 5 698 3 0 1 105 2021 0 0 0 5 0 0 89 0 0 0 7 175 523 0 73 0
172 152 434 19 780 0 0 0 296 401 15 0 0 16 24 0 323 0 0 0 14 85 807 0 190 1
177 63 213 551 1722 0 0 0 2423 1474 2 0 0 7 0 0 16 0 0 0 5 58 2165 0 90 923
178 282 1558 166 701 0 0 0 247 739 0 0 1 0 32 3 40 0 0 0 19 84 1986 0 25 72
179 45 1598 68 1060 0 0 0 33 1317 0 0 0 0 11 0 32 0 0 0 12 13 1570 0 18 19
18 307 404 5 550 0 0 0 278 172 0 0 0 2 0 0 163 0 0 0 48 545 511 0 670 8
2 631 805 1021 2159 0 0 15 647 15 0 0 0 1 0 31 14 0 0 0 102 22 1918 0 17 962
22 216 467 10 762 1 0 27 398 1249 9 5 0 5 63 0 259 0 0 0 76 263 906 0 33 0
23 52 397 2 1335 0 0 0 11 608 7 0 0 151 4 0 150 0 0 0 57 71 396 0 18 0
24 1849 258 0 452 2 0 0 1 423 0 0 0 98 0 1 43 0 0 0 1 15 968 0 1255 0
25 14 696 23 409 2 0 2 53 404 20 0 0 6 20 0 484 0 0 0 34 292 1184 0 145 0
26 97 765 2 933 2 0 12 91 72 0 0 0 32 7 0 131 0 0 0 3 72 1001 0 521 0
28 73 166 907 1120 0 0 0 1995 2578 0 0 0 1 0 0 0 0 0 0 0 28 2336 0 0 500
29 206 249 1346 865 0 0 0 1523 2364 0 0 0 0 0 0 0 0 0 0 0 22 2814 0 0 399
3 434 1678 611 1328 0 43 0 73 393 5 0 0 10 0 555 95 0 0 0 2 25 1052 0 1 879
32 361 408 76 693 0 0 0 103 1205 9 0 0 43 10 0 93 0 0 0 66 292 794 0 205 3
33 97 819 0 758 1 0 0 7 1780 0 0 0 76 0 3 109 0 4 0 116 68 638 0 221 0
34 105 469 0 356 0 0 0 0 80 0 0 0 1 0 0 104 0 0 0 65 26 246 0 675 0
35 1 768 0 1033 0 0 0 0 67 0 0 0 264 0 0 321 0 0 0 31 4 84 0 0 0
36 69 213 0 461 0 0 0 171 336 124 49 0 345 0 841 40 0 0 0 66 0 498 2 45 0
37 860 2873 12 292 4 0 0 0 7 9 0 0 0 0 3 0 0 0 0 431 15 735 0 5 45
38 76 125 23 695 1 0 1 57 1965 1 0 0 6 0 0 96 0 0 0 20 162 512 0 66 8
4 342 1391 803 1490 0 0 0 57 316 0 0 0 7 0 340 56 0 0 0 3 33 1721 0 1 1404
41 132 300 0 456 0 0 8 131 2082 0 0 0 6 13 0 46 0 0 0 9 140 738 0 44 0
43 13 319 0 2134 45 0 4 48 841 18 0 0 0 7 2 39 0 38 0 63 259 1319 0 823 2
44 45 457 0 1896 22 0 0 75 1644 31 0 0 4 4 3 81 0 95 0 106 342 1486 0 311 0
45 13 502 0 2015 27 0 0 70 819 27 3 0 4 36 10 61 0 88 0 71 361 1733 0 621 6
46 0 728 0 1454 4 0 0 0 4049 9 0 0 0 0 11 52 0 35 0 177 175 827 0 363 3
466 78 1666 91 1031 0 0 0 122 510 3 0 0 0 2 0 55 0 0 0 2 33 2128 0 20 13
467 115 1066 87 516 0 0 0 441 2243 0 0 0 1 492 0 149 0 0 0 9 159 1871 0 57 3
468 547 1186 622 2544 0 0 2 729 81 5 0 0 0 0 13 14 0 0 0 13 13 1591 0 0 1861
469 385 1542 556 1818 0 0 49 451 80 13 0 0 0 0 11 31 0 0 0 10 24 1703 0 0 979
472 1245 1646 0 355 0 0 0 0 1 0 0 0 1 0 0 0 0 0 0 0 12 693 0 0 0
473 0 1224 19 471 0 0 0 274 1665 99 0 0 16 0 0 0 0 0 0 58 141 430 0 0 0
474 0 915 28 526 0 0 0 143 3088 10 0 0 17 0 0 0 0 0 0 37 50 261 0 0 0
5 299 1357 788 1411 0 0 0 110 1325 1 0 0 16 0 299 26 0 0 0 3 23 1584 0 0 1420
6 85 412 30 1450 1 0 1 328 3796 0 0 0 0 3 0 259 0 0 0 27 165 677 0 34 3
60 10 448 0 1594 5 0 0 97 668 10 1 0 0 0 0 88 0 15 0 30 585 843 0 707 3
62 135 18 20 1236 2 0 4 46 1782 0 0 0 3 2 0 59 0 0 0 27 250 718 0 226 0
64 174 1696 5 423 0 0 0 6 3475 71 0 0 0 0 0 0 0 0 0 219 3 439 0 0 0
66 98 311 871 925 0 0 0 2062 2217 45 0 0 0 0 10 0 0 0 0 39 26 2045 0 37 282
8 137 471 0 456 0 0 0 26 25 0 0 0 224 0 0 0 0 0 0 0 0 291 0 0 0
