"SRR12805327"	"SRR12805330"	"SRR12805341"	"SRR12805352"	"SRR12805363"	"SRR12805374"	"SRR12805381"	"SRR12805382"	"SRR12805383"	"SRR12805384"	"SRR12805385"	"SRR12805386"	"SRR12805387"	"SRR12805388"	"SRR12805389"	"SRR12805390"	"SRR12805391"	"SRR12805392"	"SRR12805393"	"SRR12805394"	"SRR12805395"	"SRR12805396"	"SRR12805397"	"SRR12805398"	"SRR12805399"	"SRR12805400"	"SRR12805401"	"SRR12805402"	"SRR12805403"	"SRR12805404"	"SRR12805405"	"SRR12805406"	"SRR12805407"	"SRR12805408"
"183780e73d59d90d37fd51b327ed7e8f"	1819	671	1687	2464	3073	2816	481	1013	407	954	3723	2150	586	702	625	701	1544	500	2280	3833	3102	1572	2827	1971	3760	976	1366	1072	1747	2539	2014	1390	3537	2398
"995a69bf9c40ba0af7a70133a6bbb736"	103	73	95	82	164	837	238	150	225	477	1367	133	421	1382	1187	2553	786	705	1674	756	597	177	121	202	118	66	161	281	121	345	196	170	198	370
"ce39dc544711b1a06a0eaeb76dacfa4b"	457	122	231	577	539	1015	106	361	137	317	880	342	213	0	0	0	561	52	637	898	881	574	424	227	285	271	727	285	301	1339	356	380	645	492
"9e926cd50362b31502a5d328a8ed24d7"	128	72	87	120	143	582	431	249	866	768	873	421	313	371	653	778	1122	1081	264	411	465	267	231	186	143	120	309	176	159	428	138	241	176	241
"d0dad971506647d25b7ec3c857964526"	510	158	324	507	419	262	420	547	531	222	70	377	253	230	332	89	593	404	188	402	130	452	626	429	248	447	242	84	276	402	412	361	279	154
"9fde9971ce2276d0b46da55cd7aafa0a"	307	86	107	283	249	726	554	530	574	210	306	205	297	244	804	392	614	389	24	1032	484	185	259	157	102	147	215	44	160	472	164	282	199	248
"e0664ddae2a33c37f1024d28e5ec7128"	332	68	213	387	400	737	0	0	0	0	1682	0	0	0	0	0	0	0	591	682	729	419	323	311	290	237	605	201	223	782	256	404	644	439
"15a987cb5704934a82dd41f66761f47f"	395	188	308	329	224	36	834	426	1053	272	64	378	253	19	47	19	461	732	0	135	84	304	449	467	283	277	222	22	241	202	281	365	251	69
"5f66e32f4a373fd9522e3987ce77c290"	255	174	153	233	139	89	549	500	517	355	65	484	466	158	372	245	469	865	90	224	84	244	207	221	153	148	222	97	225	195	154	288	166	129
"7e9e02e1e6d645b6b02ea65d1fc1b4e7"	98	0	0	48	56	290	439	257	529	310	155	336	314	350	466	1597	614	332	281	188	407	118	52	65	66	56	156	53	0	295	81	108	101	114
"a7b4f098724fcc91ece8ec27f0985049"	49	29	40	48	70	209	122	44	565	207	382	151	171	1041	448	355	117	345	1144	955	204	270	64	53	51	42	79	55	61	409	40	109	69	81
"3cd5528177788b43960cf1fbbac6c08c"	473	602	741	268	136	147	0	183	0	0	0	0	0	0	389	0	131	0	0	0	0	0	379	822	101	740	488	0	469	429	0	524	94	0
"08f8d83d9566e6477feaa25a1a3ca5e5"	100	24	83	74	94	277	209	64	299	253	149	108	102	570	368	1066	332	227	173	247	199	192	114	102	73	84	185	51	108	229	76	123	127	114
"2c2fa447568f6a2dce1cfa950437d7f5"	58	53	78	90	95	305	111	208	270	298	305	222	216	365	289	478	377	266	226	289	213	121	112	143	99	48	147	125	98	209	83	114	123	112
"e5785d16870445f9527d02d282b7e011"	168	118	212	213	232	330	102	218	58	227	257	108	104	68	66	0	75	123	55	300	158	223	288	206	189	117	228	222	157	285	147	227	281	250
"2b1518fe0faccf2832ca45e2b0aef189"	92	61	63	116	98	271	103	61	99	181	325	0	131	394	241	456	254	123	550	402	318	225	69	69	119	0	98	168	61	280	98	92	139	162
"d1a174f0eed67233764c9dd8c0ee3d36"	148	128	80	173	94	30	710	346	416	302	0	383	458	0	98	0	409	577	0	55	43	144	169	156	114	137	45	20	52	63	78	128	109	82
"f0709f171b589606c85046e0d3d661c6"	197	99	167	242	131	28	370	162	301	163	22	277	250	43	194	57	392	525	0	101	21	168	236	195	97	183	76	42	136	72	228	187	100	64
"e039fb223efec8cc9a3015fd7fae5cb4"	0	0	6	0	19	218	210	22	62	166	98	64	35	1407	509	1155	813	199	45	0	138	0	12	0	0	0	32	27	0	85	28	0	0	42
"1b35036bdd92d5a4466b8584cfa024ba"	14	9	0	0	89	133	3	347	71	209	295	12	35	217	411	174	247	110	1114	585	120	153	19	0	29	4	63	232	0	360	67	13	112	20
"a47c3650850a963cd2b9deee9f7ea0fc"	61	5	17	23	66	382	48	32	266	226	304	72	57	377	131	412	487	73	231	395	127	327	69	30	25	17	87	49	56	428	48	40	53	131
"f124f777869e14203b2afc6ee6279a56"	154	0	0	84	223	153	0	112	0	91	251	0	0	251	290	175	136	0	615	533	224	253	95	92	123	0	124	216	134	343	57	0	276	129
"d662d41c478094e4a8f701d57e0564d4"	171	85	55	199	189	667	81	204	235	37	60	86	71	21	91	0	379	102	0	0	45	128	137	238	174	193	125	119	114	185	329	176	342	56
"e4320c84baca9867ccb0dfd9a5156b06"	305	51	178	484	310	37	79	238	123	0	0	374	106	0	0	0	0	29	0	32	0	374	328	370	168	191	86	10	71	134	237	244	295	0
"25cb02fb17426d878afd69a79572b858"	93	83	94	0	101	265	46	99	167	109	247	70	126	256	205	643	164	159	195	137	213	118	109	88	98	69	129	151	104	227	0	79	97	78
"dfd0d5d0cd85ed96e2533d3473be87da"	236	103	213	152	229	74	129	264	534	58	0	146	106	0	87	0	56	194	0	0	36	181	400	307	171	146	127	22	150	25	177	317	123	0
"39c47f3d76baee36a286c74330d36b6f"	104	103	242	339	331	114	0	24	0	26	325	40	19	7	0	8	20	21	57	98	158	164	238	132	247	111	145	177	196	113	206	138	569	245
"7b7595f9b76cf1c37a9b7943d54f75c2"	153	45	115	273	231	0	204	308	90	88	0	242	177	0	0	0	104	111	0	291	75	140	212	145	69	122	38	0	141	148	161	296	160	86
"b33be4c8504ad51cef6ba2de10577743"	62	65	37	30	67	78	50	72	60	52	161	30	127	314	233	512	234	78	176	186	147	123	66	42	37	28	102	136	67	130	36	38	82	49
"6ace4e7664815b50cab6e2db8056b113"	300	209	180	387	262	39	44	180	10	8	0	9	61	0	0	0	0	0	0	0	0	32	122	0	0	214	156	27	87	64	190	991	0	0
"29bd4c05b8703b972ca9abbcc2929822"	223	61	235	421	214	69	12	0	8	12	0	14	0	0	10	0	14	67	0	35	27	75	312	236	265	173	45	0	140	45	328	153	251	99
"00f20d641a58e3c82c5756568ad89548"	60	0	0	73	0	171	406	145	512	95	66	147	107	175	77	250	188	185	276	0	0	74	0	64	0	61	0	0	0	0	68	76	0	83
"2d9a9d6012e671d8135cb2df734d9edd"	52	0	44	40	74	83	0	161	0	135	125	56	110	261	175	119	131	0	374	313	109	101	79	69	53	0	100	254	73	113	0	0	70	59
"c1be1572f5d0338f1cca9b274a8d54e6"	135	29	56	150	184	408	107	219	83	44	0	106	124	0	0	0	0	47	0	0	82	286	103	55	92	63	88	89	26	275	79	62	185	103
"bfe7795e52d043e68f31cc33f4023911"	52	28	51	47	65	85	134	101	169	128	101	155	89	209	196	277	156	187	19	62	117	104	62	53	27	34	56	24	31	110	43	81	59	83
"146195f72933e590d98b89c38d6eda33"	87	31	50	87	119	98	89	30	99	57	92	92	94	148	171	152	161	114	125	146	114	98	92	84	63	46	62	34	66	81	58	77	131	122
"c1dbed49b6ae7ebfe39e2d86023e7e0d"	150	46	138	107	174	36	159	89	132	0	0	62	55	0	0	0	0	135	0	0	0	48	158	327	152	122	203	77	122	0	166	194	81	21
"98d23c5d4d9c8e08b1b0f5c3e10d3821"	111	32	119	354	180	9	32	74	11	28	13	73	46	23	10	0	168	29	0	67	0	71	147	190	138	81	29	30	89	53	115	123	223	53
"88f2d1164fbbde8282b9288408fba5ec"	86	106	154	303	152	4	0	75	0	0	0	0	0	0	0	0	0	0	0	0	0	3	366	518	132	286	33	0	116	0	59	238	53	0
"cc2915b764b53d86be9c17337954ba02"	88	34	51	117	56	0	184	100	193	145	0	154	137	0	88	52	200	278	0	45	0	76	105	78	48	90	0	0	47	0	87	66	68	0
"fa96cbd7b2df953f48e159b78c51527d"	0	11	17	0	29	243	22	0	0	23	349	0	56	90	19	58	33	43	644	273	181	0	19	38	28	0	32	122	17	74	0	0	39	89
"a1a46747a2d054385d4531d04d78eefa"	0	0	0	0	0	33	51	0	19	169	46	15	52	454	270	787	175	114	173	15	30	2	3	0	0	0	0	4	0	8	20	0	0	7
"612b259eb6294befb380ac4de0737a94"	0	0	0	0	18	35	18	51	120	123	44	61	42	556	440	221	130	69	127	129	102	22	0	0	0	0	20	0	0	42	0	11	0	64
"3b73aa488ac80fc7809f7b8d7eecf061"	12	216	155	0	6	0	0	9	0	0	0	0	0	0	0	0	0	0	0	0	0	14	289	71	124	41	78	1134	155	0	13	80	16	0
"79c9235ff041fe76f6dc89a18c5a222a"	125	0	128	110	68	0	127	167	56	0	0	184	168	0	0	0	22	74	0	0	0	60	156	128	132	132	0	0	159	0	115	148	136	0
"1db22b035d3fb0858c969f8fedda264f"	0	17	0	0	24	38	0	24	45	70	80	16	46	396	273	196	89	27	507	165	44	80	15	0	11	0	17	99	9	27	0	0	18	29
"a679b90b860713e81fcb5971e697632e"	68	58	62	15	60	71	67	117	53	66	49	106	79	0	0	19	150	342	0	0	70	37	148	29	82	38	79	54	83	60	48	70	78	20
"1e49a80064dfde5ad89169cb076745f0"	102	15	78	120	45	0	255	145	152	88	0	136	234	0	39	0	113	293	0	0	0	11	125	26	0	131	0	0	47	0	89	0	31	0
"b33369fcff33a6052857b70e91a67677"	7	0	1186	0	0	0	0	0	0	0	19	0	0	0	0	0	0	0	0	0	138	15	14	21	5	0	152	515	19	75	0	0	49	34
"ec20c4158ae8572e64663bf4bcfc3c11"	27	10	20	15	41	90	85	55	88	74	51	36	61	174	78	410	113	63	43	40	25	68	60	48	31	31	35	88	40	115	24	24	54	16
"59126c9d338650496b528ac9763fef32"	71	25	38	108	49	18	152	170	161	52	0	122	123	0	30	0	188	238	0	26	0	89	50	46	40	53	38	0	57	48	97	29	66	27
"563dafa7ecbdaec2addabcff3bdce142"	0	0	0	0	0	0	43	342	63	132	0	90	153	187	245	155	261	94	0	0	0	0	61	0	0	0	40	35	0	242	0	61	0	0
"0b38f5929a79ed8f35a3e08113420bac"	19	0	0	9	0	14	45	26	124	55	12	53	50	193	13	1377	28	28	0	0	31	35	0	0	0	16	9	12	0	14	0	15	0	17
"79aeef6159351463c3618c62dbfa39ac"	0	117	0	0	0	0	72	866	128	0	0	212	253	0	0	101	183	113	119	0	0	0	0	0	0	0	0	0	0	0	0	0	0	0
"cc5d39ebedab1a2766ecbd43fb6f649c"	47	182	63	30	128	29	4	111	0	11	76	14	41	3	0	0	9	27	13	75	0	75	341	111	76	14	48	319	190	15	15	13	60	15
"2d0a9d41eacab36b333910dcb46f06b9"	62	222	124	0	0	0	0	131	0	0	0	0	18	0	0	0	0	0	0	0	0	163	507	220	66	0	117	286	94	61	0	10	13	0
"88524108706087f7c75e79d6c10c9c61"	38	98	97	23	93	0	0	81	0	0	0	33	148	0	0	0	0	82	0	0	61	0	284	77	212	50	251	127	193	0	37	0	0	0
"3e1a26e59596ea4b27910d21a7f2685f"	0	0	0	0	0	24	0	0	0	242	69	20	11	40	0	166	0	182	341	603	115	50	0	0	10	0	26	18	0	54	0	9	10	0
"481fc9ce7a9c747284ab440354a2d549"	0	0	0	0	0	0	270	93	256	173	0	118	153	100	244	144	201	207	0	0	0	0	0	0	0	0	0	0	0	0	0	0	0	0
"c19d28067b371cfe432f864eeb6453db"	89	34	68	144	108	80	0	64	0	11	16	19	0	0	3	0	0	11	0	17	111	31	111	67	115	25	79	139	178	111	14	72	165	54
"8df4bd0b9c72f4e5b7ed5a48ba8c1afc"	0	174	46	50	67	31	0	0	0	0	132	0	0	0	0	0	0	0	20	133	185	75	64	0	91	0	61	0	292	156	0	62	201	100
"b4c1e218247b4ad7d670d7b305c43076"	225	36	225	165	121	0	0	0	0	0	0	0	0	0	0	0	0	0	0	16	9	48	131	104	21	206	77	0	158	52	116	100	106	0
"670629acef7bd7aca434bff7641f8a63"	75	57	161	123	114	70	0	84	55	43	0	0	0	0	0	0	0	0	0	0	0	32	143	112	75	109	56	17	119	74	118	103	143	22
"b7d6cf3f7467ca45087ca083796a0af0"	32	20	24	46	40	75	32	25	97	86	105	58	57	72	79	86	147	48	68	81	65	50	41	32	29	25	46	37	32	83	35	33	40	52
"919f52074a986016c7e460883cbe1484"	73	49	76	76	75	56	35	79	87	70	0	61	49	12	18	0	48	40	0	29	37	85	125	104	85	69	54	0	66	66	68	62	72	51
"dc8abaafea08b7ee3d7275815bf96564"	0	0	0	0	65	79	104	46	69	92	88	0	80	154	0	115	88	67	0	124	84	125	45	41	0	0	52	0	0	68	0	61	112	82
"53f4fa5086ba14d2076e3f0a6345c832"	54	38	47	106	144	167	0	0	0	0	184	0	0	0	0	0	0	0	0	86	52	119	82	50	98	41	79	0	33	84	59	0	193	92
"d61f9f8affb2c0da3a68090d393a250b"	64	58	80	73	81	0	61	52	88	63	0	92	84	4	37	0	83	0	0	31	5	101	67	90	86	75	12	10	47	78	71	91	87	33
"cc4fa36d40bc7a4d412d0e7cb87ef853"	87	37	43	57	71	48	18	54	28	9	0	74	57	41	50	0	22	17	0	0	193	43	116	121	63	53	56	20	47	57	83	98	80	10
"faef71610aa24b3d201ee1da2cce1099"	100	36	113	97	70	9	34	41	32	10	0	41	42	0	0	0	26	85	0	0	0	78	136	161	105	104	50	12	69	13	49	107	80	9
"f6de5d7d1c5b2e6920c6d5e57c0275fd"	119	53	140	152	54	0	0	97	39	0	0	98	28	0	0	0	0	0	0	0	0	26	140	163	45	137	0	0	80	23	132	139	25	0
"1611a9b32995bb08d46cc8db72d1d5a0"	43	21	16	60	154	76	0	137	0	0	160	6	83	0	0	0	0	20	39	77	40	19	67	58	52	5	49	96	15	44	77	7	90	44
"1d555fb0f811f2b189b862d48c0c4e3d"	0	0	0	0	51	82	38	0	0	51	0	0	35	86	89	115	74	0	76	376	111	96	44	0	0	0	0	0	0	82	0	0	51	72
"856f38334acd06b4d1172931d5f9a619"	68	36	35	46	72	67	0	170	0	3	28	21	8	0	0	0	0	0	0	6	71	68	119	67	88	22	74	45	97	63	24	61	93	68
"4ac1ba7968697c58abccec7fd5ff5ad4"	0	0	0	0	0	70	0	0	19	179	126	0	0	34	192	34	715	0	0	0	0	53	0	0	0	0	0	0	0	66	0	0	0	23
"ebfcee89238bfdd3d216f97a2804d805"	0	22	39	0	0	0	62	124	28	79	71	0	75	133	161	204	104	71	0	0	67	0	36	0	22	0	50	32	34	47	0	0	0	45
"3c2b89ee1f14f41731c3f9bb8cd8b84c"	164	61	155	103	3	0	0	239	0	0	0	242	56	0	0	0	0	0	0	0	0	0	182	0	34	43	0	0	124	0	56	40	0	0
"b60765bf2e10d524fe9872a961bc4c53"	60	11	79	35	0	0	80	161	47	128	0	96	55	0	65	0	57	152	0	0	0	0	62	20	30	0	159	0	38	14	25	95	24	0
"8b7893c890c3fc90c1548f44857cfd35"	32	0	20	0	0	0	77	126	73	74	0	159	94	50	331	0	90	139	0	0	35	0	42	0	23	28	39	0	0	0	42	0	0	18
"5253d98d25bc51baaf939f468ca8ef59"	47	21	28	44	72	59	0	54	0	0	99	24	21	0	56	0	0	83	78	122	68	0	63	66	32	38	46	80	28	37	42	24	49	70
"42aa75ceb3aa380892f5799a438967ec"	0	45	0	26	69	35	27	81	34	46	0	43	80	0	110	30	38	78	44	90	43	147	0	42	26	35	64	0	0	90	19	20	42	25
"a02848c0cbe248976cd4af4802b9ae79"	111	51	73	28	33	0	17	157	0	0	0	145	82	0	0	0	0	0	0	0	0	0	84	194	24	114	37	17	111	0	34	130	0	0
"f0493d45d43f847aafc24636fd454a71"	7	6	0	3	0	18	7	22	26	47	88	28	26	380	117	4	73	24	8	150	89	64	16	11	9	0	40	65	18	61	5	6	8	12
"da239bdbf78bd0f1cf6c0661482781dd"	0	0	0	0	0	0	9	0	32	132	0	20	0	135	246	151	302	0	0	276	0	53	0	0	0	0	0	0	0	69	0	0	0	0
"5c71abd140cf62c27dd97fb112e96f96"	0	0	0	0	52	157	22	0	35	44	44	0	27	85	73	304	62	45	0	0	99	64	0	0	0	0	0	0	0	107	0	0	99	104
"44480529c018c2d9b2795dcbcbaa1000"	69	27	31	30	66	74	0	109	3	0	52	34	22	0	0	0	0	10	0	4	40	24	93	27	46	26	83	41	63	119	38	55	90	111
"b15e35a767f8c9d193abc4f13b866315"	26	0	0	26	26	31	29	60	45	47	29	7	61	150	48	210	51	0	224	102	34	60	25	0	0	0	0	0	0	48	27	20	0	0
"aa65593d5b6bb0554ae1cd1e3df3da45"	41	22	39	26	15	20	95	49	93	194	0	39	68	2	0	0	175	41	0	0	0	21	96	29	21	40	27	35	32	0	29	36	25	32
"93e24884925cae6a2e3134217b58c675"	31	17	22	0	0	35	102	107	136	79	23	106	85	35	86	33	98	92	0	0	31	30	0	23	0	0	12	6	0	39	0	28	32	29
"7c9f454292d4c13da1c45f58c47098d0"	60	71	104	144	45	0	0	16	0	0	0	57	0	0	0	0	0	0	0	0	0	27	137	93	33	123	0	0	64	0	85	179	64	0
"522bc852651c57201b2461aff25c1997"	14	28	6	0	26	43	5	105	0	16	71	0	11	85	42	230	118	6	39	51	54	46	34	8	0	10	74	39	23	81	0	11	23	19
"826995c850aaa44b2ec407595c7627b4"	61	22	54	100	45	0	50	71	25	0	0	135	34	0	0	0	0	54	0	0	0	58	81	75	44	60	68	0	32	10	99	79	54	0
"af0f71644cecdfc76a415d319dc1b950"	51	41	88	134	104	0	0	113	0	0	0	66	4	0	0	0	0	0	0	0	0	9	94	126	51	108	0	0	69	0	69	107	56	0
"76363618e6a55a0556fa9cdda32b9519"	73	62	74	57	34	35	46	78	0	0	0	27	46	0	0	0	16	78	0	8	0	0	82	67	0	81	79	93	52	20	65	64	30	0
"608e92bae485d3cd93d70977cd760bf3"	46	0	0	102	100	60	0	0	0	0	0	0	0	0	0	0	0	0	0	57	15	62	35	32	38	0	33	195	23	26	36	0	246	146
"d913d23408b12ca79cc2924431677f76"	92	0	34	22	34	25	0	0	0	0	25	0	0	0	0	0	0	0	0	0	41	21	64	0	40	25	47	322	107	50	0	45	187	50
"1d90e2a14fcaf64ce6648221213758a8"	87	19	59	72	75	111	8	69	0	0	8	164	17	0	0	0	0	0	0	0	13	7	38	91	48	51	19	30	40	7	39	72	50	21
"671fc5cee79caa17d1e54daf80f1e2d6"	97	180	409	9	0	0	0	32	0	0	0	0	6	0	0	0	0	0	0	0	0	0	136	0	0	173	0	0	67	0	65	12	2	0
"f4c190387fd950de4d96fd5ffc84c652"	0	0	0	0	0	0	78	117	64	78	0	78	95	9	233	0	175	179	0	0	0	0	0	0	0	0	0	0	0	0	0	50	0	0
"3256c16e9fd07cf40ee39a27c1acb480"	0	0	0	0	0	0	0	0	38	54	0	0	0	132	229	381	100	0	0	65	52	25	0	0	0	0	0	0	0	54	0	0	0	20
"6f4f43bff5df9356d2874f564bd1baef"	59	104	107	82	33	0	0	61	0	0	0	24	12	0	0	0	0	65	0	0	0	0	99	51	31	93	0	0	128	0	94	76	21	0
"47a0efca35d4dbf628f5d8285e32c8ed"	0	0	0	0	0	0	0	343	64	65	0	0	146	0	129	0	155	152	0	0	0	0	0	0	0	0	0	55	0	0	0	0	0	0
"990536f951db6508290e80df7a3456d6"	77	14	40	69	65	87	17	49	22	7	0	17	29	0	0	0	0	5	0	0	0	31	96	85	62	52	29	12	25	6	69	71	48	13
"d7cf19be385fae90fc2dae3bc9d42ea0"	27	42	16	28	0	0	50	58	37	25	0	129	16	0	0	0	31	128	0	0	0	41	48	88	35	26	44	18	40	0	44	65	24	21
"0f4ff0a2757cb518bffad2222f18376b"	25	14	19	27	12	0	25	36	56	55	0	47	64	84	111	88	98	25	0	0	22	31	10	16	15	28	0	10	16	30	15	33	30	24
"d505337de288c4c7922542cff7bac346"	24	0	19	17	44	104	0	0	11	0	75	0	0	0	0	0	0	0	69	141	65	80	23	30	30	0	39	0	23	88	20	17	65	76
"1e71b5a68bb47e71015e79f8915246a2"	33	0	34	55	84	57	0	0	0	0	196	0	0	0	0	0	0	0	0	29	57	0	58	0	44	0	38	0	34	43	30	0	97	107
"0ba372758b0ebf7a6e13ceccd86f9520"	0	0	3	0	8	43	5	8	0	20	69	0	0	104	51	212	46	45	41	34	38	0	0	0	0	0	27	119	15	74	7	5	0	22
"12f837deaf5db86e4341b80a8bd1b48b"	50	32	57	53	43	0	8	63	0	0	0	0	0	0	0	0	0	51	0	0	0	65	102	102	62	49	0	0	39	0	41	44	100	21
"eaa89df5008445000d65f6bf2e8aade1"	20	0	0	0	85	58	0	0	0	0	71	0	0	0	0	0	0	0	94	247	40	23	34	12	49	0	0	72	30	55	0	0	50	50
"2747fbbce7568bfdaeb3b8ac3d1ae403"	71	122	115	31	26	0	0	37	0	0	0	0	0	0	0	0	0	0	0	0	0	0	47	83	17	113	119	0	57	92	0	58	0	0
"ff53c2721b9c38e1f3750970768441c2"	73	50	74	49	16	0	30	0	0	0	0	0	0	0	0	0	0	51	0	0	0	0	93	66	35	72	34	0	136	0	82	80	24	0
"6fe704d9f1c312b674d9d59fd1ddf230"	60	36	49	78	45	54	0	0	0	0	0	0	0	0	0	0	0	0	0	0	0	45	96	60	57	38	56	10	74	22	57	45	82	17
"bd51318e79c17d62a16f7a17ed6ccde1"	62	43	58	64	41	30	0	41	0	0	33	48	0	0	0	0	0	0	11	12	10	15	74	74	30	69	38	39	40	16	34	43	42	13
"48b6a009de42cae8d7fc7f72b629d8fa"	0	0	0	0	0	14	29	63	58	121	0	51	70	71	44	96	150	73	0	0	6	0	0	0	0	0	15	8	0	88	0	0	0	17
"7e8495a6bd3f122568d5b87c8325a0c9"	64	19	35	93	27	6	25	49	15	0	0	70	42	0	0	0	0	25	0	0	0	23	68	64	28	83	21	4	50	6	54	57	15	6
"33476c65a4456debf0ba5894d83a8398"	0	8	12	0	29	56	0	10	0	46	139	0	0	16	34	0	0	4	156	65	69	7	0	6	16	0	55	0	34	84	16	7	22	47
"df5ee72bee284a0d9aca265fbb37b467"	86	27	29	100	28	0	38	12	25	0	0	16	34	0	0	0	0	19	0	0	0	6	112	48	38	92	23	0	44	4	53	76	24	0
"74da4f552f6a28050e596b9b5a9165d2"	61	0	28	31	36	50	0	23	0	19	33	12	0	0	0	0	0	12	0	0	29	39	37	64	50	19	30	24	53	41	66	78	50	39
"805d331f88bc7b2f2b82942ccd068aff"	60	0	91	136	85	17	0	0	0	0	0	0	0	0	0	0	0	0	0	0	0	14	110	67	35	59	0	0	36	0	58	31	95	20
"066d06b31dcce56fb9dde37e3298d861"	60	62	32	112	88	15	3	38	0	0	0	0	0	0	0	0	0	0	0	0	0	0	16	14	14	54	51	9	23	36	34	230	15	0
"e3e9c8872487b9fce5cc8580f4803f7a"	87	20	39	25	23	13	10	34	0	0	0	22	25	0	0	0	0	4	0	0	0	5	58	51	67	41	33	12	120	0	16	107	60	15
"0808fdf5a7ca966fc1a60393691bb308"	74	18	32	54	43	5	12	60	0	0	0	44	14	0	0	0	0	7	0	0	0	17	29	56	32	46	55	0	57	0	34	84	105	0
"7f0cc97dfa489c05cecddca79e537ae0"	16	6	26	26	34	0	4	116	72	13	0	108	17	0	0	0	41	14	0	0	0	47	44	58	14	44	16	35	16	29	11	26	32	0
"b168e66617381e8a0aabd349a9e2d5c2"	72	7	15	92	43	0	11	38	13	15	0	67	33	0	0	0	0	17	0	0	0	12	39	80	22	59	17	0	0	0	51	120	34	0
"5a11eba2ee62020d8bdeb5226929f365"	0	12	0	0	0	0	0	0	0	0	77	0	0	93	68	223	0	0	69	130	57	53	0	11	0	0	0	0	0	45	0	0	0	0
"3768317651733ecbb9ef5e361419a19e"	18	23	0	0	21	23	0	0	0	25	24	0	0	80	62	0	0	0	196	102	29	42	17	0	0	0	21	99	25	21	0	0	0	0
"e44ed9cce2eb0b7eede391e5f53e29df"	27	22	322	10	35	0	0	8	0	0	0	6	0	0	0	0	0	0	0	0	0	0	150	17	66	0	12	24	113	0	0	7	0	0
"e15206914527c772cf7ade98644a17b9"	97	0	45	57	47	0	30	0	0	0	0	58	0	0	0	0	0	0	0	0	0	57	86	49	0	93	0	0	38	0	74	46	33	0
"9d53ec63f330b5055eae739c4053a7c3"	15	9	17	15	0	41	73	43	17	0	0	55	44	0	0	0	0	0	0	0	0	47	69	0	23	21	17	113	38	0	39	93	0	14
"90a84c0664bc3eec6d1aa222e4701913"	38	45	51	39	30	0	0	64	0	0	0	0	0	0	0	0	0	0	0	0	0	26	76	87	42	46	42	0	34	0	30	96	34	0
"246b2ccaf80d7db7d96d9d17f5d281a4"	54	26	71	85	50	0	0	19	0	0	0	0	0	0	0	0	0	0	0	0	0	0	197	54	0	71	0	0	46	0	83	33	0	0
"c1ee0c7bd2a5652c66779004eebac27c"	28	57	139	96	94	0	0	32	0	0	0	0	0	0	0	0	0	0	0	0	0	0	134	46	23	79	0	0	0	0	46	0	11	0
"8c05343a93e19950e64a207bab0a68d4"	4	0	0	12	25	24	0	7	3	0	65	5	0	3	20	0	0	9	206	132	27	59	18	7	7	11	13	6	14	47	7	0	11	20
"8e1f36fcaf7d218d3f20fcb381388674"	8	12	0	0	0	0	0	0	37	7	45	0	0	165	21	79	132	0	117	43	53	0	0	14	0	0	10	0	0	0	0	0	0	14
"c045aa84b6fe4e0133753f8f66b5ef79"	14	12	25	25	24	66	13	27	22	9	19	26	11	0	13	0	12	16	0	0	20	33	34	62	18	14	13	72	22	27	19	19	24	33
"5e41b6f8f77a1f4b5542127147676fbb"	53	23	34	38	22	0	19	16	21	0	4	14	26	0	0	0	11	12	0	5	0	50	47	49	26	57	33	19	30	6	25	85	18	6
"f92cd5bf2b52f4eb499496da543794fd"	30	32	13	11	12	12	59	27	30	0	36	17	0	0	30	0	52	47	0	0	15	24	35	13	28	25	21	34	57	26	17	8	10	15
"46cba7ba7e89731b2a36ed371ad38fe0"	35	25	19	34	23	20	18	0	0	0	31	0	0	0	0	0	0	15	0	87	50	66	36	0	29	19	0	0	0	42	25	32	63	55
"b82e9e16a5f7bbf8e87f0c4431e0dfad"	8	14	0	0	0	0	113	110	73	24	0	53	194	0	0	0	0	59	0	0	0	0	20	29	7	0	0	0	0	0	0	13	0	0
"c9f9355d32e264f6bc060415332587bb"	8	40	76	22	25	0	0	49	0	0	0	25	0	0	0	0	0	0	0	0	0	0	115	24	44	0	8	180	54	0	16	15	13	0
"db1d2135e467142489e9eae67e600301"	67	16	80	29	16	0	0	56	0	0	0	43	0	0	0	0	0	0	0	0	0	0	60	128	42	54	0	0	56	0	30	22	0	0
"282d970c7e74112691085e63921dbcfd"	34	0	48	98	55	0	0	34	0	0	0	39	0	0	0	0	0	0	0	0	0	0	89	83	0	59	0	0	51	0	0	71	28	0
"d077c0ff711eabf2c3591a6f9798adb5"	0	0	6	0	0	42	0	0	0	0	110	0	0	0	0	0	0	0	191	11	119	0	0	0	0	0	0	92	29	17	24	10	13	18
"d4aa41f753847250c58c369ec11aba8e"	0	5	62	173	34	17	0	0	0	0	19	0	0	0	0	0	0	0	0	0	40	5	0	14	26	17	0	0	0	29	47	12	152	25
"6aafd36f357e81d4eaa31b4143bf5559"	47	0	7	34	22	13	29	12	34	0	0	0	14	0	0	0	0	24	0	0	0	0	9	83	17	48	0	59	0	0	176	33	12	0
"1223fa4a0a99ed5397fabac4895c5e46"	13	12	0	8	11	30	0	23	21	18	33	0	0	21	15	128	42	0	13	16	20	13	60	21	0	0	23	62	25	26	0	0	8	7
"e0d908660a9c489e2b2aa9b145eae00d"	34	0	0	35	33	0	0	27	0	0	0	13	0	0	0	0	0	0	0	0	0	116	34	73	26	34	31	0	30	19	37	55	26	36
"79c4fe19f50107e4574c3e132885c545"	0	0	0	0	0	0	110	58	53	50	0	41	32	0	11	0	94	204	0	0	0	0	0	0	0	0	0	0	0	0	0	0	0	0
"5d3ce929e1e20c0af46d70bc9b483a9e"	31	21	50	57	28	0	0	0	0	0	0	30	21	0	8	0	0	0	0	0	0	30	99	54	30	44	12	0	0	15	29	47	36	0
"4d5b8c2c09a9e464f466f3ddc5ab1de5"	44	17	61	79	53	0	0	22	0	0	0	0	0	0	0	0	0	0	0	0	0	0	103	57	27	52	0	0	38	0	44	34	19	0
"3a1a356d52f95ee05bdaa73566e357c8"	36	22	42	32	32	21	0	24	22	8	11	16	15	8	12	0	9	0	0	0	17	22	53	27	24	20	19	12	28	19	24	35	26	13
"43b0c94edaed92fca1f4cd4dd639fa5b"	0	0	0	15	0	40	0	0	0	24	32	0	18	37	0	0	0	0	49	130	48	85	0	0	0	0	0	0	0	45	33	0	46	26
"1e50dabad75e738028f47decc3852bad"	0	0	0	0	0	0	25	55	56	104	0	85	66	13	0	0	164	42	0	0	0	0	0	0	0	0	0	0	0	0	0	0	0	0
"84ac11e0235714a38b997248aae1532e"	0	0	0	0	0	9	0	0	5	18	0	0	0	295	107	21	23	6	34	42	0	8	0	0	0	0	0	0	0	28	0	0	0	0
"dcf98e542b5e15d7ee0678973b75c956"	0	0	0	0	0	41	0	0	0	39	52	0	0	66	0	41	0	0	274	58	0	0	0	0	0	0	0	0	0	0	24	0	0	0
"35ed22e9fa79ab018326b68bd06b3bb0"	0	98	101	0	0	0	0	13	0	0	0	0	0	0	0	0	0	0	0	0	0	0	25	211	60	24	0	0	18	0	8	0	0	0
"46d2fd6a51fad29018a14219bfa89933"	19	0	23	26	11	0	39	32	16	46	0	36	30	0	0	0	22	16	0	0	0	15	35	31	7	7	16	10	17	6	9	43	18	6
"9fef297bc82420d5b9abea86562b8d27"	0	0	0	0	0	0	68	0	58	0	0	0	0	50	75	76	84	76	0	0	0	52	0	0	0	0	0	0	0	0	0	0	0	0
"ca8b36cb59f6a69f03cf9d2f878ae45a"	18	0	0	10	11	11	14	13	28	54	8	4	8	11	42	0	149	23	4	4	12	5	16	0	0	0	0	24	7	21	0	0	20	15
"b8d9526872da0ffab564ac0848c304cb"	68	22	51	67	43	0	0	0	0	0	0	0	0	0	0	0	0	0	0	0	0	0	47	82	14	42	0	0	0	0	48	33	14	0
"bebe0d7fb3dcb52b47fa05da386d8420"	26	14	27	23	17	3	16	32	13	0	0	20	29	0	0	0	4	39	0	0	0	12	26	27	11	34	16	14	33	0	41	32	9	10
"ffcab385b315612ba106dde70e60053d"	30	16	12	50	24	0	0	93	0	0	0	81	0	0	0	0	0	0	0	0	0	0	53	24	15	36	0	0	0	0	13	83	0	0
"47ac5ca58a00fc3761fd3358993649ef"	32	0	0	0	0	0	61	19	42	30	0	37	26	0	17	0	42	38	0	0	0	18	0	0	12	22	20	31	20	0	0	21	18	11
"e19dea7aaa4e26d65566e3e91ffc0091"	0	17	27	12	192	0	0	5	0	0	0	0	0	0	0	0	0	0	0	0	10	0	38	20	17	0	0	44	17	0	41	0	63	0
"86c8cfef6fb4444d60a19664cdd122e2"	19	0	25	9	11	0	32	135	45	0	0	142	35	0	0	0	0	0	0	0	0	0	17	0	0	18	0	0	20	0	0	0	0	0
"b04316df83a04d113042234636f99975"	27	12	35	41	55	0	0	0	0	0	0	0	0	0	0	0	0	0	0	0	0	0	71	89	36	28	0	0	25	0	16	48	24	0
"25ff3306209e20d3418844cc4c35e6b4"	0	0	0	0	0	12	80	0	32	54	0	26	48	7	39	0	136	69	0	0	0	0	0	0	0	0	0	0	0	0	0	0	0	0
"b9f9bf8e3be5f04adada37e1af4032c9"	29	21	26	39	57	0	6	52	0	0	0	19	0	0	0	0	0	0	0	0	0	45	39	54	0	22	0	41	18	0	0	0	25	0
"55fbf34ac992573eceaea636fd77e639"	9	8	51	75	33	0	0	7	0	0	0	0	0	0	0	0	0	0	0	0	0	0	68	78	9	20	5	0	45	0	22	44	18	0
"d1c6bd5a65df6bd1833402c40608b9cd"	45	27	72	46	0	0	0	0	0	0	0	0	0	0	0	0	0	0	0	0	0	0	61	60	0	84	0	0	35	0	42	0	0	0
"c654d8add45e7f150770ee25ee084dc5"	21	23	200	9	0	0	0	11	0	0	0	0	0	0	0	0	0	0	0	0	0	0	19	0	16	13	7	0	54	0	55	40	3	0
"2b05a6e9e6c580f7fc168a5bbb29de2d"	12	25	59	0	58	15	0	18	0	0	19	0	0	0	0	0	0	0	0	0	0	0	12	34	13	4	53	79	17	0	7	0	27	17
"c1ba9460c7bf03aa48206243533697a9"	23	12	37	29	23	10	0	0	0	0	0	52	0	0	0	0	0	0	0	0	0	0	54	32	31	27	36	18	20	0	29	21	14	0
"6b1558497d923474fc0f56dc0c313b23"	10	20	6	14	0	0	21	17	8	7	0	20	7	0	0	0	29	64	0	0	0	12	24	36	20	12	56	14	23	0	0	32	12	0
"f21f9a7ccdd79de8236ffe58931cdbd6"	25	14	6	38	33	4	0	13	0	4	0	10	16	0	0	0	0	0	0	0	0	14	20	25	18	21	51	11	8	0	33	21	52	17
"a1fdb48d0520fc1fb5d0131542831c3c"	36	15	56	62	35	0	0	12	0	0	0	12	8	0	0	0	0	0	0	0	0	0	0	27	7	35	10	0	29	0	62	12	35	0
"4c332960b3e08bad4bbc005640907e5c"	30	10	26	26	13	16	9	0	0	0	8	4	0	0	0	0	11	27	0	0	3	14	38	33	7	13	24	19	15	6	26	29	32	8
"c3165804e358744dde023c78caffcfaa"	22	27	34	19	10	0	18	33	6	0	0	30	14	0	0	0	0	0	0	0	0	12	47	15	8	68	0	0	25	0	29	19	9	0
"28017af2bd2679a25b13c96710785300"	0	0	0	0	0	45	17	15	53	15	0	22	78	27	15	0	66	57	0	0	0	0	0	0	0	0	10	0	0	12	0	0	0	8
"66258b98449bedb97d642bf72e98016e"	30	8	33	27	34	0	0	28	0	0	0	27	14	0	0	0	0	0	0	0	0	0	38	15	0	88	0	0	37	0	25	34	0	0
"09caf651784ce4b4db1632f1aecdb2b7"	0	8	0	8	0	0	29	59	14	21	0	45	43	14	20	6	74	78	0	0	0	0	0	0	0	11	0	0	0	0	0	6	0	0
"74b06af5ba1958dcecf7f299063d99d1"	18	16	17	26	38	7	0	3	0	0	0	0	0	0	0	0	0	0	0	0	0	30	65	49	15	37	19	7	10	0	25	20	28	0
"82a8ed80561b7c919bea18a65ad28e2b"	14	23	6	13	8	0	15	19	24	0	0	0	31	0	0	0	0	27	0	0	0	0	39	27	0	21	21	47	23	0	13	52	0	0
"df85be8b012b8499db204e1d7d770f32"	23	0	0	0	0	11	0	0	0	0	36	0	0	0	0	0	0	0	8	62	56	29	17	5	12	0	16	4	0	88	0	35	12	7
"d5e9d1883c07e11b291f95e2649f6318"	69	10	16	51	29	0	0	16	0	0	0	0	0	0	0	0	0	0	0	0	0	0	74	63	18	16	0	0	6	0	12	37	0	0
"cd98bebc7cd29d008813bd847394c1f2"	11	11	0	20	14	0	38	54	42	0	0	73	37	0	0	0	0	14	0	0	0	12	20	19	11	20	0	0	0	0	16	0	0	0
"ea2fd908ac090217cf35687ac81e325f"	0	31	24	0	0	0	33	42	0	0	0	28	0	0	0	0	0	42	0	0	0	0	40	41	16	38	0	0	28	0	26	23	0	0
"492267c82af1821038fa5af9dfe24af5"	28	0	39	44	22	0	0	31	0	0	0	0	0	0	0	0	0	0	0	0	0	0	78	38	0	68	0	0	25	0	33	0	0	0
"a5af4c19fb434687bdba6613efa366e7"	29	0	15	74	31	0	0	15	0	0	0	0	0	0	0	0	0	0	0	0	0	0	36	78	0	22	0	0	25	0	28	31	15	0
"6cce92c6e6f22703e77db91dfb76fb9d"	7	18	0	28	51	5	0	0	0	0	5	0	0	0	0	0	0	0	0	0	0	7	27	17	23	8	23	45	28	0	12	15	41	43
"9f073298245aa1bdbe22b3405ff40c69"	17	18	34	0	22	0	0	16	0	0	0	3	0	0	0	0	0	0	0	0	0	4	66	87	50	72	0	0	7	0	0	0	6	0
"d73b2962aa794d65bdaaa279a81b4e25"	42	12	0	36	25	18	3	7	17	0	0	0	0	0	0	0	0	0	0	0	0	12	36	22	9	58	0	18	23	0	0	29	30	0
"cc363a9ccd3549e646859ab1ffe9d460"	12	10	0	7	87	23	0	0	0	0	0	0	0	0	0	0	0	5	0	0	6	0	27	32	0	12	7	39	39	58	9	0	16	0
"82b6a78c3df88ba3d1abf27654dfddbb"	0	0	0	0	0	0	8	0	5	51	35	0	38	31	95	0	5	8	11	0	57	0	0	0	0	0	0	0	0	14	0	0	0	25
"4287f9128329cdf3a30826b67cc0126c"	4	0	0	0	0	24	3	7	0	31	24	0	12	51	14	30	27	0	62	28	9	0	6	2	0	0	2	0	2	24	0	0	8	7
"4d4c109b2f4c111530d69a1daba3a3de"	0	0	14	0	26	14	0	8	0	0	0	0	0	0	0	0	0	0	54	18	0	0	15	0	27	0	17	100	75	9	0	0	0	0
"836a7831975eaa754e65179e133669cd"	6	7	0	21	16	15	0	15	0	0	0	0	0	0	0	0	0	6	0	0	0	13	32	27	25	0	0	16	24	20	69	0	55	0
"e263fc52390d6fc167364efa0d19f7af"	0	0	0	0	0	50	0	0	0	0	58	0	0	0	0	0	0	0	46	0	55	0	0	0	0	0	34	0	0	48	0	31	0	44
"937bca155aaa941bb33faf29a648f1c3"	33	20	17	14	0	0	0	25	0	0	0	56	13	0	0	0	0	25	0	0	0	0	22	31	20	29	7	0	14	0	0	24	5	0
"3209a1e49860e30a9135e714f413fd15"	0	0	0	0	0	0	23	0	59	34	0	33	16	4	7	0	53	36	0	0	0	24	0	0	0	0	12	7	12	10	0	0	0	17
"19de50c4966ad65c3c9d3ea062b8ef14"	18	5	13	8	0	0	58	32	0	0	0	22	25	0	0	0	0	7	0	2	0	12	13	4	14	19	21	8	12	2	7	10	15	16
"2425b264866e85031874d034caffcc17"	19	13	0	35	18	0	0	4	0	0	0	0	0	0	0	0	0	0	0	0	0	4	30	28	21	59	10	0	35	0	21	39	8	0
"cb9646fcb099332d40720ace3915dfa7"	5	28	9	0	0	0	0	15	0	0	0	0	9	0	0	0	0	0	0	0	0	0	75	0	11	0	0	175	4	0	0	0	0	0
"bb07949a0e9df45a2d981d606cb3124d"	21	29	89	0	0	0	0	0	0	0	0	0	0	0	0	0	0	0	0	0	0	0	68	0	15	7	0	0	20	0	53	24	0	0
"1ad8009dd5b460fdc37e0f4c5454550d"	13	7	0	18	13	0	26	7	13	11	0	20	8	10	38	11	24	14	0	12	0	14	0	15	8	0	0	0	10	8	8	0	8	6
"bc98998d9ed52b29e68d7235026119d9"	31	0	23	0	0	0	0	29	0	0	0	0	0	0	0	0	0	0	0	0	0	0	51	42	27	55	0	0	51	0	0	0	0	0
"cc66ff5b4af8f9bed97f5ad29ee40fba"	20	18	33	28	0	0	0	35	0	0	0	15	0	0	0	0	0	0	0	0	0	0	16	29	19	22	20	0	15	0	0	13	21	0
"af0b909da8d9d515fdcae0cd6b498e8a"	0	0	0	0	0	0	0	0	0	5	9	0	0	85	6	134	6	0	21	24	0	0	0	0	0	0	0	10	0	0	0	0	0	0
"8b25150dc9e069bc0b05a9ff35d0f870"	7	3	0	7	0	12	16	20	29	18	0	17	20	0	7	0	31	19	0	0	5	6	12	0	8	9	0	8	8	0	7	10	9	10
"5bd72164c5f5a6f86e09f7d5aa4a18d9"	0	0	0	0	0	19	4	9	20	13	0	0	0	72	51	11	25	7	0	0	8	9	0	0	0	0	7	17	0	15	0	0	0	11
"3a5df822937cf68bd7a8eb53254dbc3e"	0	0	0	0	0	0	6	0	13	7	0	0	0	43	42	87	0	98	0	0	0	0	0	0	0	0	0	0	0	0	0	0	0	0
"14f3fb1840a2daeca9f2345aa0d4fb18"	0	0	17	0	16	12	0	0	0	0	26	0	0	0	0	0	0	0	0	16	37	0	16	0	19	0	0	0	57	14	0	0	24	37
"1d5fd71e56e89ccea34401b5a643cba3"	0	0	0	5	0	0	11	17	15	15	0	17	31	48	20	41	25	29	0	0	0	0	0	0	0	0	0	7	0	0	0	10	0	0
"d6113b5a11d231c963a0228918ad514e"	18	0	16	11	9	9	22	7	11	0	0	21	17	0	0	0	5	0	0	0	0	11	18	23	6	17	0	0	9	5	15	15	19	2
"7f6a0d57bf5c65206c91a2686230461c"	0	6	17	0	47	8	0	16	2	3	4	0	0	0	0	0	0	0	0	29	7	13	39	0	14	11	10	14	0	22	9	0	15	0
"ea4147883c43fed6527156117d51aa52"	0	0	0	0	14	23	16	0	20	18	41	0	15	0	13	0	0	14	0	16	22	21	0	0	6	0	0	12	0	17	9	0	0	0
"bab3613ef098de4ee4b51ba3baddd162"	13	6	81	13	10	0	0	14	0	0	0	0	0	0	0	0	0	0	0	0	0	0	97	0	0	22	0	0	16	0	0	0	0	0
"9671d8d8eb8be566fda843c5c6513d94"	0	4	0	0	0	0	11	26	0	20	0	29	31	9	15	0	45	33	0	0	0	3	7	0	0	0	12	16	7	0	0	0	0	0
"f065bd8f87ce591d4be090ebaae08e77"	28	15	20	39	45	0	0	0	0	0	0	0	0	0	0	0	0	0	0	0	0	0	35	33	0	27	0	0	0	0	0	0	24	0
"dff9be2ac530b51b7c84f130780b7647"	0	0	0	0	0	7	8	0	5	13	11	0	0	55	34	41	38	6	0	10	10	0	0	0	0	0	9	0	0	0	0	0	17	0
"7260a5618e4a7df62d45017baff29a9f"	33	0	92	8	8	0	0	19	0	0	0	0	0	0	0	0	0	0	0	0	0	0	33	0	0	40	0	0	20	0	9	0	0	0
"53eca88a6f7484f41a87f631bb90b193"	19	11	11	14	12	5	0	0	0	0	0	0	0	0	0	0	0	0	0	0	8	23	33	19	15	13	6	0	10	0	15	25	15	8
"bf0393618b683a021d29793f56e0da39"	29	0	0	17	23	46	0	0	0	0	0	0	0	0	0	0	0	0	0	37	0	21	0	22	19	16	0	0	0	0	28	0	0	0
"d1b59ff2ad1fe7c702b632fce9aebe17"	23	6	15	12	0	0	10	7	5	0	0	7	0	0	0	0	0	8	0	0	0	7	59	31	0	20	20	0	0	0	7	19	0	0
"126048d819b7262cb7c03af7431eb103"	0	0	0	0	12	14	0	0	0	13	12	0	0	26	22	33	16	0	14	0	0	18	11	0	8	0	0	7	0	25	0	8	16	0
"0dc19881416f9698bcb0bb4d2fc9edd1"	0	67	49	0	0	0	0	26	0	0	0	0	12	0	0	0	0	0	0	0	0	0	17	0	0	42	0	0	34	0	7	0	0	0
"9fd149d42cc3ee8663fefaa44ccc3639"	18	0	18	0	31	8	0	0	0	0	0	0	0	0	0	0	0	0	0	0	11	0	34	14	17	0	11	16	11	19	14	0	30	0
"12233f35f264054384ae9c5c6b028762"	0	0	7	12	18	8	0	0	0	15	11	0	0	13	0	7	0	0	11	32	8	34	5	8	0	0	0	0	0	14	21	12	10	6
"7ad2e3cf31ccf32ae9dac5f53134881b"	21	24	0	23	0	0	0	0	0	0	0	0	0	0	0	0	0	0	0	0	0	0	41	29	8	32	17	0	38	18	0	0	0	0
"d07f3590482dfe5032d005c30e0ed480"	0	0	0	0	0	0	0	0	0	44	0	0	0	29	0	40	0	0	47	55	20	0	0	0	0	0	0	0	0	0	0	0	0	16
"88ce6cce0aa9121b8e8e254a487f6ac2"	25	0	23	12	13	0	0	13	0	0	0	0	0	0	0	0	0	0	0	0	0	0	48	21	0	33	0	0	14	22	9	0	13	0
"1eebe2e9a74cea7a34d61337ea3e125a"	0	7	0	0	13	21	0	0	0	0	49	0	0	0	0	0	0	0	0	0	30	7	0	0	0	0	16	15	0	11	0	0	32	45
"9665ee22e3b5724399695f68605e6826"	13	7	49	7	0	0	0	0	0	0	0	0	0	0	0	0	0	0	0	0	0	0	65	19	12	8	0	44	12	0	0	0	0	0
"6ad47a950dbb7f370088bb99f246f406"	11	5	20	8	0	0	70	7	0	0	0	13	0	0	0	0	0	0	0	0	0	5	8	25	0	13	4	0	9	0	14	18	3	0
"abc104124acc4fd2eff4b340e4800118"	16	0	15	13	0	0	0	9	20	0	0	0	0	0	0	0	0	0	0	0	0	0	14	32	12	38	0	0	6	0	18	9	23	6
"327f6f646b71da5ae076bfefe449a3b0"	0	0	0	0	0	33	0	0	0	0	23	0	22	22	18	11	0	0	34	36	32	0	0	0	0	0	0	0	0	0	0	0	0	0
"c55b9dbd6d699390e0ba1243819be8fa"	18	11	44	13	0	0	0	8	0	0	0	0	0	0	0	0	0	0	0	0	0	0	37	2	0	39	0	0	17	0	20	13	3	0
"29cf22a5dc2291d5ef6e176c778c6205"	23	5	8	14	7	0	0	14	6	0	0	7	12	0	0	0	0	0	0	0	0	10	21	16	5	25	8	0	7	0	10	11	9	0
"714dbc5622b0bae3d0957ed3f43f891a"	0	0	0	0	0	0	47	32	14	6	0	14	16	0	5	0	28	54	0	0	0	0	0	0	0	0	0	0	0	0	0	0	0	0
"75ce7bee75f88ee24bcf5dbf8542228b"	13	9	33	39	0	0	0	24	0	0	0	27	0	0	0	0	0	0	0	0	0	0	0	29	25	7	0	0	0	0	0	9	0	0
"6ef30ad70950c7994898405da4aa1f2a"	0	0	0	0	8	25	0	0	0	0	14	0	0	0	18	12	11	0	33	35	15	0	0	0	0	0	0	0	0	15	0	0	0	24
"9653ffb597e3c943290cf5297072d611"	0	0	0	0	4	50	4	0	7	8	10	0	0	26	9	26	0	0	4	19	31	0	0	0	0	0	0	0	0	0	0	0	4	7
"68eef76c46bf8de164cd96b7c407bbcc"	0	0	0	0	0	34	9	0	24	0	16	0	15	5	6	34	29	18	0	0	9	0	0	0	0	0	0	0	0	0	0	0	0	10
"e7042f5ab73df71ce0746260c0aa4c96"	22	6	17	20	21	0	0	0	0	0	0	0	0	0	0	0	0	0	0	0	0	0	41	24	0	17	0	0	14	0	11	13	0	0
"ed401e5a2b6052d797a9546b74c9fa4d"	7	16	0	0	0	0	0	0	0	0	0	0	0	0	0	0	0	0	0	0	0	7	25	0	29	17	26	16	9	0	21	21	8	0
"896eb343cc99747d02943cc2133a948f"	5	7	0	8	3	0	66	13	4	0	0	0	3	0	0	0	0	0	0	0	0	4	16	5	5	21	0	20	10	0	3	5	7	0
"5076511f9e11a33038e9e0235e1303db"	0	13	46	0	0	0	0	12	0	0	0	0	0	0	0	0	0	0	0	0	0	0	18	40	0	16	0	0	26	0	11	23	0	0
"e960939adaec89bd2dc3af9bd69e4600"	0	0	14	0	0	80	0	0	0	0	12	0	0	0	0	0	0	0	17	0	24	0	0	0	0	0	22	5	0	0	0	29	0	0
"85ff761778c240c8bc58ca9d4c87277c"	11	12	0	11	7	0	0	12	0	0	0	0	0	0	0	0	0	0	0	0	0	0	24	87	0	16	0	0	20	0	0	0	0	0
"9fc70b0169ff69f28c68f2f723eb0b6f"	0	0	6	15	15	0	0	0	0	0	0	28	0	0	0	0	0	0	0	0	0	0	26	26	11	14	6	0	6	0	8	22	9	0
"817c9c1646b286c8739f6df10f60f22e"	13	0	0	18	11	0	0	0	0	0	0	0	0	0	0	0	0	0	0	0	0	19	15	27	11	19	0	0	12	0	15	14	12	0
"b46b6d568f853d3438dd264fefc0462c"	49	0	15	12	0	0	0	0	0	0	0	31	0	0	0	0	0	0	0	0	0	0	14	18	0	15	0	0	14	0	20	0	0	0
"b2c37316763b8b11fb8056fdfb929281"	18	8	6	7	6	0	0	0	0	0	0	0	0	0	0	0	0	0	0	0	0	5	20	33	0	22	0	0	14	0	10	26	10	0
"ea0df19f13a96c55754610844739408f"	0	4	6	0	13	16	0	0	0	0	29	0	7	21	9	10	8	0	0	4	8	0	0	0	0	0	11	0	0	16	0	4	8	11
"10aa3fe0c9285b3a9bb386ecca984c5b"	14	0	19	12	4	0	0	0	0	0	0	0	0	0	0	0	0	0	0	0	0	0	78	12	6	10	0	0	28	0	0	0	0	0
"bd1675ee209945c85941c85bec40a2e9"	0	0	0	0	0	0	0	0	29	23	0	0	0	0	20	44	14	0	0	39	0	13	0	0	0	0	0	0	0	0	0	0	0	0
"9dedc835c5ca73e326ddba4db230c54f"	10	9	0	0	0	0	0	20	0	0	0	0	8	0	0	0	0	0	0	0	0	0	28	4	10	10	9	0	30	0	11	29	0	0
"009648b1e2ee2eb79b5eeb43980845c7"	0	0	0	0	0	9	0	8	0	0	15	0	0	13	6	23	14	5	32	15	9	4	0	0	2	0	0	0	0	6	0	0	7	7
"d0000e973f6840b35c31e48802abc02f"	0	5	0	0	0	0	10	40	16	0	0	29	18	0	0	0	25	30	0	0	0	0	0	0	0	0	0	0	0	0	0	0	0	0
"545e40b3a77ffda7dbbe7716947ed48d"	11	6	19	7	6	0	0	4	0	0	0	0	0	0	0	0	0	0	0	0	0	0	18	24	13	0	18	0	8	0	0	18	16	4
"6e5edd58c09f5bd45a824c78c86c7154"	10	26	0	9	0	0	0	0	0	0	0	0	0	0	0	0	0	0	0	0	0	0	30	23	11	0	0	0	16	0	20	20	0	0
"57d1dda05a898eb10ae853cf7679c817"	0	0	0	0	7	10	0	0	0	0	33	0	0	0	0	0	5	0	8	12	0	0	0	0	4	0	31	17	4	14	0	0	12	7
"a513ba2304b29c9075aecc38511d923a"	0	0	0	0	0	0	0	13	16	26	0	4	3	21	11	0	32	24	0	3	0	0	0	0	0	0	0	0	0	11	0	0	0	0
"aa91d14b2880d38f682ac27bb5617778"	18	12	0	7	0	0	0	0	0	0	0	0	0	0	0	0	0	0	0	0	6	0	20	7	11	10	19	0	0	0	12	24	9	7
"804391358fb3913a899d9618848b3ad6"	15	0	13	6	0	0	0	25	0	0	0	15	0	0	0	0	0	0	0	0	0	0	8	11	8	15	13	0	0	0	10	17	0	0
"b5b6e7365b623920043a8b62a938c2aa"	0	0	0	0	0	0	0	0	0	12	0	0	7	48	0	33	24	0	0	0	0	8	0	0	0	0	0	0	0	13	0	10	0	0
"ee83d719874eb42c617a4a825d68be67"	0	0	34	13	7	0	0	0	0	0	0	0	0	0	0	0	0	0	0	0	0	0	38	0	0	34	0	0	12	0	15	0	0	0
"bdc90bf2514a8efa7c6df2805b3e8bbb"	0	0	0	0	0	0	0	0	0	18	0	0	12	32	9	13	0	0	10	46	0	0	0	0	0	0	4	0	0	0	0	0	8	0
"08d9ba591695861e9849ae1518ebe2ec"	10	8	22	0	0	0	0	0	0	0	0	0	0	0	0	0	0	0	0	0	0	0	26	13	9	5	7	0	21	0	0	29	0	0
"b6229810abf1fbb6c17ba17b655a3b43"	13	0	18	3	6	0	0	0	0	0	0	0	6	0	0	0	0	0	0	0	0	9	18	6	0	29	0	0	7	0	13	21	0	0
"22f35ebe5ec070861369f43ae26c5dc3"	13	5	0	8	13	0	0	10	0	0	0	0	6	0	0	0	0	0	0	0	0	0	11	13	0	7	0	0	9	0	25	0	21	0
"826898dd1ab95227d2a64de3294e40a8"	15	0	18	14	17	0	5	0	6	0	0	14	8	0	0	0	0	0	0	0	0	0	0	0	10	16	0	0	0	0	0	9	13	0
"3284192bdb14413210616b3cacb06f6f"	0	0	0	0	0	0	17	0	0	9	0	15	0	0	29	38	15	20	0	0	0	0	0	0	0	0	0	0	0	0	0	0	0	0
"b327606a550cb87f7cba18d542a13509"	12	15	0	20	8	0	0	0	0	0	0	0	0	0	0	0	0	0	0	0	0	0	6	12	0	16	8	0	20	0	7	13	0	0
"a10d65bbaf9c55a9e9a371c8a9c567fc"	9	15	15	0	0	0	0	0	0	0	0	0	0	0	0	0	0	0	0	0	0	0	14	0	23	9	10	0	12	0	13	17	0	0
"219e598e48ec0ccd6d432a91a3006750"	0	0	13	9	20	6	0	0	0	0	0	0	0	0	0	0	0	0	0	0	0	0	14	24	4	5	12	12	10	0	4	3	0	0
"289422b3a2da503dd07c7d51dee79113"	0	10	16	10	0	0	0	0	0	0	0	0	0	0	0	0	0	0	0	0	0	0	24	16	0	46	0	0	5	0	0	0	0	0
"d80743b699b2d3acef2f02272a060d5d"	0	3	0	9	7	0	0	0	4	0	0	9	0	0	0	0	0	0	0	0	0	7	23	13	0	5	14	0	14	0	7	11	0	0
"a7283a52795a7022685bb75262338bcb"	8	0	3	17	8	0	0	0	0	0	0	6	0	0	0	0	0	0	0	0	0	0	22	11	0	15	0	0	12	0	0	14	7	0
"db618d5ae925b22f752083082e59fa87"	0	13	9	28	0	0	0	0	0	0	0	0	0	0	0	0	0	0	0	0	0	0	0	10	9	15	12	0	0	0	7	11	0	0
"d25eef20ea090b75874a2b70e5cbb630"	0	9	29	17	10	0	0	0	0	0	0	0	0	0	0	0	0	0	0	0	0	0	13	10	0	15	0	0	0	0	0	11	0	0
"d5bc7311b4738be5a302137735762a14"	9	0	0	13	0	0	0	0	0	0	0	0	0	0	0	0	0	0	0	0	0	0	0	20	9	9	0	0	36	0	0	13	0	0
"8006c455b36191285f1ed7481cf064f9"	12	0	0	9	0	0	7	16	0	0	0	8	5	0	0	0	0	0	0	0	0	0	13	0	0	14	0	0	8	0	11	5	0	0
"038cad8232fb6f2be888cecd9a7448d8"	20	0	15	23	6	0	0	7	0	0	0	0	0	0	0	0	0	0	0	0	0	0	13	0	0	12	0	0	0	0	7	0	3	0
"7b1427dc70536362781d093e4e6dc04c"	15	0	5	13	8	0	0	0	0	0	0	0	0	0	0	0	0	0	0	0	0	0	9	26	4	6	0	0	8	0	6	0	0	0
"6e34885581293d58a5314ef311448b08"	0	7	7	21	0	0	0	0	0	0	0	0	0	0	0	0	0	0	0	0	0	0	12	0	9	0	0	0	13	0	9	19	0	0
"41682f4a89c2eb9cef21943a9508e48f"	6	0	25	0	0	0	0	0	0	0	0	0	0	0	0	0	0	0	0	0	0	0	10	0	13	0	0	11	16	0	0	14	0	0
"845d10e5828a41c5ec9b2bc4693b61b1"	0	13	17	5	7	0	0	5	0	0	0	0	0	0	0	0	0	0	0	0	0	0	10	9	4	0	0	0	15	0	0	10	0	0
"335731d8a877702ba96b6c0e36206ed4"	8	0	18	5	6	0	0	8	0	0	0	3	0	0	0	0	0	0	0	0	0	8	0	0	0	17	0	0	0	0	4	0	0	0
"febbdcc29ee5160fee0129f796918cb6"	11	0	17	9	16	0	0	0	0	0	0	0	0	0	0	0	0	0	0	0	0	0	0	6	0	4	0	0	6	0	0	0	7	0
"11467b8817af95fa44de2143282aa45f"	0	15	20	0	5	0	0	0	0	0	0	0	0	0	0	0	0	0	0	0	0	0	13	7	0	9	0	0	6	0	0	0	0	0
"1dffccafef2d48c2337ae77721b3a0fd"	10	14	12	5	0	0	0	0	0	0	0	0	0	0	0	0	0	0	0	0	0	0	15	0	8	8	0	0	0	0	0	0	0	0
"e8f27534d1a11eea1f009ab859eba3ae"	0	7	11	7	7	0	0	0	0	0	0	0	0	0	0	0	0	0	0	0	0	6	9	0	0	11	0	0	0	0	4	0	7	0
"8bb2644d07ddab844c3ce80e74d8bba2"	0	0	10	3	15	0	0	0	0	0	0	0	0	0	0	0	0	0	0	0	0	0	12	8	4	3	0	0	8	0	0	0	3	0
"5b6f59faa75c29958c2a9c55a3f10864"	0	0	11	5	4	0	4	0	0	0	0	0	0	0	0	0	0	0	0	0	0	0	8	6	0	9	0	0	7	0	0	0	0	0
"f01a14d5cf45548a815f029494137ace"	5	2	0	0	10	0	0	21	0	0	0	0	0	0	0	0	0	0	0	0	0	0	0	0	6	0	0	4	0	0	5	0	0	0
"c0b7c861fe238145b5f045bd5272c7db"	0	3	4	0	0	0	0	0	0	0	0	0	0	0	0	0	0	0	0	0	0	0	8	4	5	4	0	4	12	0	0	4	0	0
"faf475b08705835835c98934fd16a448"	6	0	5	7	0	0	0	0	0	0	0	0	0	0	0	0	0	0	0	0	0	0	0	0	0	9	0	0	3	0	10	3	0	0
