ABY1 Acidimicrobiia Acidobacteriia Actinobacteria Alphaproteobacteria Anaerolineae Armatimonadia Babeliae Bacilli Bacteroidia Berkelbacteria Blastocatellia (Subgroup 4) Chlamydiae Chloroflexia Chthonomonadetes Clostridia Coriobacteriia Deinococci Deltaproteobacteria Elusimicrobia Fibrobacteria Fimbriimonadia Gammaproteobacteria Gemmatimonadetes Gracilibacteria Holophagae Hydrogenedentia Ignavibacteria KD4-96 Ktedonobacteria Lineage IIa Lineage IIb Longimicrobia MB-A2-108 Melainabacteria metagenome OLB14 Oxyphotobacteria P2-11E Parcubacteria Phycisphaerae Planctomycetacia Rhodothermia Saccharimonadia Sericytochromatia SHA-26 Subgroup 22 Subgroup 6 Thermoleophilia TK10 uncultured actinobacterium uncultured bacterium uncultured Carnobacterium sp. uncultured endolithic bacterium uncultured forest soil bacterium uncultured Telmatobacter sp. vadinHA49 Verrucomicrobiae
15 0 4 744 586 355 0 72 0 0 245 61 0 0 0 54 0 0 126 160 0 0 0 18 0 0 0 0 0 0 0 0 0 0 0 0 0 0 6 0 0 0 107 0 42 0 0 0 0 19 0 0 0 0 35 555 0 0 0
150 1 158 38 499 352 68 0 0 0 585 0 144 16 110 7 0 0 12 183 0 6 1 466 284 0 0 0 39 25 0 0 2 0 0 6 2 2 695 0 11 11 62 6 13 1 0 1 8 38 0 0 19 0 0 0 0 25 200
151 0 97 68 134 119 210 1 5 0 1154 0 359 51 311 2 0 0 37 428 1 19 4 412 317 0 2 0 62 45 3 0 0 0 0 7 17 7 692 0 4 29 159 2 26 5 0 4 0 41 0 0 35 0 0 0 0 67 404
152 0 242 44 318 245 76 1 0 0 611 0 289 3 145 4 0 0 8 139 0 12 0 432 117 5 0 0 50 36 0 0 0 0 0 4 4 2 642 0 8 17 107 8 12 3 0 14 1 103 0 0 12 0 2 0 0 4 135
153 0 25 39 80 165 20 0 0 0 422 0 82 0 46 0 0 0 0 47 0 0 0 308 48 17 0 0 39 0 0 0 0 2 0 0 0 0 97 0 6 2 28 5 18 8 0 0 0 39 0 0 12 0 0 0 0 0 519
154 0 143 36 292 201 173 0 5 0 470 0 55 15 145 4 0 0 14 250 0 14 3 352 101 0 0 0 30 26 0 0 0 0 0 1 3 2 970 0 9 23 52 0 3 9 0 2 3 45 2 0 16 0 0 0 1 46 105
155 0 86 26 472 257 43 1 0 0 682 0 221 7 148 6 0 0 5 59 0 4 0 207 117 0 0 0 46 24 0 1 0 0 0 1 0 2 1236 0 9 8 85 14 5 2 0 1 0 41 0 0 6 0 0 0 0 6 85
156 0 117 49 266 186 52 0 0 0 404 0 83 0 146 3 0 0 52 48 0 1 1 315 225 2 0 0 21 42 0 0 0 0 0 3 0 0 850 0 0 4 52 21 27 0 0 2 0 92 1 0 24 0 0 0 0 15 81
157 0 32 22 424 321 45 0 0 0 503 0 139 7 214 0 0 0 10 43 0 0 1 466 371 2 0 0 60 12 0 0 0 0 0 0 2 0 793 0 10 17 47 1 4 0 0 4 12 16 0 0 1 0 0 0 0 8 74
173 0 47 21 239 281 40 0 0 1 572 0 99 0 35 1 139 8 0 113 0 6 1 384 181 1 0 1 9 15 0 0 0 0 0 0 0 0 429 0 3 10 55 5 13 5 0 0 6 12 0 0 13 0 0 0 0 20 82
174 0 85 35 379 325 90 0 0 0 1105 0 122 4 138 3 0 0 0 220 0 27 0 193 112 3 0 0 10 5 0 0 0 1 0 0 0 0 399 0 1 15 100 10 15 51 0 0 1 22 0 0 49 0 3 0 0 49 302
175 0 3 80 247 1530 811 683 0 0 2247 0 0 0 0 21 0 0 0 253 0 0 0 71 36 0 0 0 0 0 1454 0 0 0 0 0 3 0 1081 0 0 0 60 0 0 0 0 0 0 0 0 0 621 1 0 341 0 0 16
176 0 0 212 201 1507 236 939 0 0 2943 0 0 0 0 24 0 0 0 64 0 0 0 51 22 0 0 0 0 0 1390 0 0 0 0 0 0 0 747 0 0 0 23 0 0 0 0 0 0 0 0 0 1282 0 0 482 0 0 0
30 0 0 108 124 1741 316 1127 0 0 1448 0 0 0 0 12 0 0 0 31 0 0 0 9 0 0 0 0 0 0 2216 0 0 0 0 0 4 0 2475 0 0 1 17 0 0 0 0 0 0 0 0 0 141 0 0 139 0 0 4
31 0 65 43 266 224 32 0 0 0 748 0 85 0 13 0 0 0 2 252 0 6 2 709 333 7 0 0 26 4 0 0 0 0 0 8 0 0 1653 0 5 38 75 11 25 0 0 0 4 15 0 1 15 0 1 0 0 118 198
68 0 0 0 2812 129 0 0 0 0 2047 0 0 0 0 0 11 0 0 33 0 0 0 1179 0 0 0 0 0 0 0 0 0 9 18 0 0 0 70 0 0 0 0 0 220 0 0 0 0 0 0 0 0 0 0 0 0 0 0
69 0 0 195 2857 127 0 0 0 0 150 0 0 0 0 0 0 0 60 124 0 0 47 489 0 0 0 0 0 0 0 0 0 0 0 0 0 0 18 0 0 17 0 0 200 0 0 0 0 0 0 0 0 0 0 0 0 0 0
7 0 47 72 108 107 137 17 0 0 1400 0 38 35 140 4 0 0 127 171 0 29 2 265 107 5 19 0 80 34 1 0 0 0 0 1 42 11 2985 2 5 10 89 5 7 1 2 35 0 27 6 0 50 0 0 0 0 21 150
